
------------------------------------------------> Word quora <------------------------------------------------

------------------------------------------------ opening file input/recordings/quora/rec_1.txt ------------------------------------------------
->obs seq:   32   32    9    9   12   11   10   17   17   13   13   13   13   13   13   17   17   22   19   19   19   18   17   17   17   18   17   17   17   17   17   24   17   24    9 
iteration: 2
-->pstar : 1.06018e-040
-->qstar : 1 1 1 1 1 1 1 2 2 3 3 3 3 3 3 3 3 3 3 3 3 3 3 3 3 3 3 3 3 3 3 3 3 3 3 
iteration: 3
-->pstar : 2.27855e-050
-->qstar : 1 1 1 1 1 1 1 2 2 2 2 2 2 2 2 2 2 2 2 2 2 2 2 2 2 2 2 2 2 2 2 2 2 2 2 
-------------------------------Final Model Lambda (Pi, A, B) after iterations 3--------------------------------
---------------A Matrix----------------
8.413925e-001   1.586075e-001   0.000000e+000   0.000000e+000   0.000000e+000   
0.000000e+000   9.714031e-001   2.859690e-002   0.000000e+000   0.000000e+000   
0.000000e+000   0.000000e+000   1.000000e+000   3.960032e-022   0.000000e+000   
0.000000e+000   0.000000e+000   0.000000e+000   8.878984e-001   1.121016e-001   
0.000000e+000   0.000000e+000   0.000000e+000   0.000000e+000   1.000000e+000   
---------------B Matrix----------------
1.000000e-030   1.000000e-030   1.000000e-030   1.000000e-030   1.000000e-030   1.000000e-030   1.000000e-030   1.000000e-030   3.172062e-001   6.941254e-002   1.390236e-001   1.571426e-001   3.711329e-036   1.000000e-030   1.000000e-030   1.000000e-030   1.612013e-009   1.000000e-030   1.919654e-268   1.000000e-030   1.000000e-030   1.265175e-200   1.000000e-030   1.000000e-030   1.000000e-030   1.000000e-030   1.000000e-030   1.000000e-030   1.000000e-030   1.000000e-030   1.000000e-030   3.172150e-001   
1.000000e-030   1.000000e-030   1.000000e-030   1.000000e-030   1.000000e-030   1.000000e-030   1.000000e-030   1.000000e-030   3.336891e-006   3.384120e-002   7.430283e-003   5.557839e-004   2.459880e-001   1.000000e-030   1.000000e-030   1.000000e-030   4.593709e-001   6.315983e-002   9.474649e-002   1.000000e-030   1.000000e-030   3.174442e-002   1.000000e-030   6.315983e-002   1.000000e-030   1.000000e-030   1.000000e-030   1.000000e-030   1.000000e-030   1.000000e-030   1.000000e-030   1.547076e-013   
1.000000e-030   1.000000e-030   1.000000e-030   1.000000e-030   1.000000e-030   1.000000e-030   1.000000e-030   1.000000e-030   9.590014e-087   4.423091e-014   4.357197e-033   3.552221e-060   1.726255e-001   1.000000e-030   1.000000e-030   1.000000e-030   4.844367e-001   8.579869e-002   1.286879e-001   1.000000e-030   1.000000e-030   4.265256e-002   1.000000e-030   8.579869e-002   1.000000e-030   1.000000e-030   1.000000e-030   1.000000e-030   1.000000e-030   1.000000e-030   1.000000e-030   1.000000e-030   
1.000000e-030   1.000000e-030   1.000000e-030   1.000000e-030   1.000000e-030   1.000000e-030   1.000000e-030   1.000000e-030   1.000000e-030   5.321282e-080   2.760277e-163   7.170921e-261   2.520606e-004   1.000000e-030   1.000000e-030   1.000000e-030   4.456949e-001   1.798543e-001   2.964641e-001   1.000000e-030   1.000000e-030   7.712397e-002   1.000000e-030   6.107594e-004   1.000000e-030   1.000000e-030   1.000000e-030   1.000000e-030   1.000000e-030   1.000000e-030   1.000000e-030   1.000000e-030   
1.000000e-030   1.000000e-030   1.000000e-030   1.000000e-030   1.000000e-030   1.000000e-030   1.000000e-030   1.000000e-030   1.000000e-030   6.675642e-272   1.000000e-030   1.000000e-030   1.624345e-037   1.000000e-030   1.000000e-030   1.000000e-030   7.063316e-001   4.309072e-002   6.317493e-008   1.000000e-030   1.000000e-030   1.158842e-024   1.000000e-030   2.505776e-001   1.000000e-030   1.000000e-030   1.000000e-030   1.000000e-030   1.000000e-030   1.000000e-030   1.000000e-030   1.000000e-030   
---------------Pi values----------------
1.000000e+000   0.000000e+000   0.000000e+000   0.000000e+000   0.000000e+000   
------------------------------------------------ opening file input/recordings/quora/rec_2.txt ------------------------------------------------
->obs seq:   12   11   10   21   30   23   24   17   13   13   13   13   13   13   17   17   17   19   18   19   17   17   17   17   17   17   17   17   17   14   17   24   24   24    9 
iteration: 2
-->pstar : 6.57274e-040
-->qstar : 1 1 1 2 2 3 3 3 3 3 3 3 3 3 3 3 3 3 3 3 3 3 3 3 3 3 3 3 3 3 3 3 3 3 3 
iteration: 3
-->pstar : 7.08084e-054
-->qstar : 1 1 1 1 1 2 3 3 3 3 3 3 3 3 3 3 3 3 3 3 3 3 3 3 3 3 3 3 3 3 3 3 3 3 3 
-------------------------------Final Model Lambda (Pi, A, B) after iterations 3--------------------------------
---------------A Matrix----------------
7.796383e-001   2.203617e-001   0.000000e+000   0.000000e+000   0.000000e+000   
0.000000e+000   6.538360e-001   3.461640e-001   0.000000e+000   0.000000e+000   
0.000000e+000   0.000000e+000   1.000000e+000   2.436787e-017   0.000000e+000   
0.000000e+000   0.000000e+000   0.000000e+000   8.565623e-001   1.434377e-001   
0.000000e+000   0.000000e+000   0.000000e+000   0.000000e+000   1.000000e+000   
---------------B Matrix----------------
1.000000e-030   1.000000e-030   1.000000e-030   1.000000e-030   1.000000e-030   1.000000e-030   1.000000e-030   1.000000e-030   1.000000e-030   2.162815e-001   2.202386e-001   2.203617e-001   8.897130e-024   1.000000e-030   1.000000e-030   1.000000e-030   3.751369e-011   3.394011e-281   9.953867e-185   1.000000e-030   1.812094e-001   1.000000e-030   4.281659e-002   3.643633e-003   1.000000e-030   1.000000e-030   1.000000e-030   1.000000e-030   1.000000e-030   1.154486e-001   1.000000e-030   1.000000e-030   
1.000000e-030   1.000000e-030   1.000000e-030   1.000000e-030   1.000000e-030   1.000000e-030   1.000000e-030   1.000000e-030   1.000000e-030   6.409623e-003   1.933429e-004   1.000000e-030   1.591829e-001   3.144479e-019   1.000000e-030   1.000000e-030   1.033078e-001   1.974460e-009   5.764065e-007   1.000000e-030   6.150401e-002   1.000000e-030   2.735378e-001   2.310569e-001   1.000000e-030   1.000000e-030   1.000000e-030   1.000000e-030   1.000000e-030   1.648070e-001   1.000000e-030   1.000000e-030   
1.000000e-030   1.000000e-030   1.000000e-030   1.000000e-030   1.000000e-030   1.000000e-030   1.000000e-030   1.000000e-030   1.000000e-030   1.303460e-068   1.000000e-030   1.000000e-030   2.084864e-001   3.763190e-002   1.000000e-030   1.000000e-030   5.156158e-001   3.763190e-002   7.526373e-002   1.000000e-030   5.550350e-039   1.000000e-030   5.833489e-004   1.247869e-001   1.000000e-030   1.000000e-030   1.000000e-030   1.000000e-030   1.000000e-030   1.970495e-018   1.000000e-030   1.000000e-030   
1.000000e-030   1.000000e-030   1.000000e-030   1.000000e-030   1.000000e-030   1.000000e-030   1.000000e-030   1.000000e-030   1.000000e-030   1.000000e-030   1.000000e-030   1.000000e-030   5.617443e-004   2.096996e-004   1.000000e-030   1.000000e-030   5.951676e-001   1.369273e-001   2.671320e-001   1.000000e-030   1.724035e-097   1.000000e-030   9.021613e-046   1.701389e-006   1.000000e-030   1.000000e-030   1.000000e-030   1.000000e-030   1.000000e-030   2.226823e-068   1.000000e-030   1.000000e-030   
1.000000e-030   1.000000e-030   1.000000e-030   1.000000e-030   1.000000e-030   1.000000e-030   1.000000e-030   1.000000e-030   1.000000e-030   1.000000e-030   1.000000e-030   1.000000e-030   1.648711e-022   8.930048e-002   1.000000e-030   1.000000e-030   6.423679e-001   3.159402e-009   2.208536e-005   1.000000e-030   1.000000e-030   1.000000e-030   5.786273e-119   2.683096e-001   1.000000e-030   1.000000e-030   1.000000e-030   1.000000e-030   1.000000e-030   2.416020e-166   1.000000e-030   1.000000e-030   
---------------Pi values----------------
1.000000e+000   0.000000e+000   0.000000e+000   0.000000e+000   0.000000e+000   
------------------------------------------------ opening file input/recordings/quora/rec_3.txt ------------------------------------------------
->obs seq:   30   12   32   11   11   12   30   11   13   14   20   14    4   13   13   13   17   17   19   30    8    8   21   21   21   17   19   17   24   17   17   14   22   24    9 
iteration: 2
-->pstar : 5.41474e-047
-->qstar : 1 1 1 1 1 1 1 1 2 2 2 2 2 2 2 2 2 2 2 2 2 2 2 2 2 2 2 2 2 2 2 2 2 3 3 
iteration: 3
-->pstar : 3.59847e-060
-->qstar : 1 1 1 1 1 1 1 1 2 2 2 2 2 2 2 2 2 2 2 2 2 2 2 2 2 3 3 3 3 3 3 3 3 3 3 
-------------------------------Final Model Lambda (Pi, A, B) after iterations 3--------------------------------
---------------A Matrix----------------
8.737424e-001   1.262576e-001   0.000000e+000   0.000000e+000   0.000000e+000   
0.000000e+000   9.454862e-001   5.451378e-002   0.000000e+000   0.000000e+000   
0.000000e+000   0.000000e+000   1.000000e+000   2.873270e-019   0.000000e+000   
0.000000e+000   0.000000e+000   0.000000e+000   8.962398e-001   1.037602e-001   
0.000000e+000   0.000000e+000   0.000000e+000   0.000000e+000   1.000000e+000   
---------------B Matrix----------------
1.000000e-030   1.000000e-030   1.000000e-030   2.717902e-050   1.000000e-030   1.000000e-030   1.000000e-030   1.000000e-030   1.000000e-030   1.000000e-030   3.702906e-001   2.524979e-001   3.030891e-006   3.609541e-011   1.000000e-030   1.000000e-030   1.042251e-113   1.000000e-030   2.183590e-231   3.328594e-016   1.000000e-030   1.000000e-030   1.000000e-030   1.000000e-030   1.000000e-030   1.000000e-030   1.000000e-030   1.000000e-030   1.000000e-030   2.509509e-001   1.000000e-030   1.262576e-001   
1.000000e-030   1.000000e-030   1.000000e-030   5.455142e-002   1.000000e-030   1.000000e-030   1.000000e-030   1.091028e-001   1.000000e-030   1.000000e-030   3.664865e-003   7.457027e-006   2.182044e-001   1.093335e-001   1.000000e-030   1.000000e-030   1.532019e-001   1.000000e-030   7.674972e-002   5.455142e-002   1.636542e-001   5.553174e-005   1.000000e-030   1.695417e-003   1.000000e-030   1.000000e-030   1.000000e-030   1.000000e-030   1.000000e-030   5.522730e-002   1.000000e-030   9.329023e-013   
1.000000e-030   1.000000e-030   1.000000e-030   1.943174e-043   1.000000e-030   1.000000e-030   1.000000e-030   1.088794e-032   1.000000e-030   1.000000e-030   2.604573e-108   1.942187e-181   1.431797e-037   1.285139e-001   1.000000e-030   1.000000e-030   4.119075e-001   1.000000e-030   7.654212e-002   9.766648e-062   9.163314e-008   1.289282e-001   1.000000e-030   2.541082e-001   1.000000e-030   1.000000e-030   1.000000e-030   1.000000e-030   1.000000e-030   9.141274e-044   1.000000e-030   8.192505e-312   
1.000000e-030   1.000000e-030   1.000000e-030   7.073218e-033   1.000000e-030   1.000000e-030   1.000000e-030   2.059640e-001   1.000000e-030   1.000000e-030   2.707761e-156   2.594815e-256   1.559050e-022   3.450232e-004   1.000000e-030   1.000000e-030   1.907136e-001   1.000000e-030   1.780355e-001   9.626622e-060   3.089457e-001   8.670472e-005   1.000000e-030   1.292761e-002   1.000000e-030   1.000000e-030   1.000000e-030   1.000000e-030   1.000000e-030   1.029820e-001   1.000000e-030   1.000000e-030   
1.000000e-030   1.000000e-030   1.000000e-030   3.423187e-240   1.000000e-030   1.000000e-030   1.000000e-030   9.105791e-025   1.000000e-030   1.000000e-030   1.000000e-030   1.000000e-030   3.974016e-117   1.585993e-001   1.000000e-030   1.000000e-030   3.820425e-001   1.000000e-030   2.058188e-003   1.000000e-030   3.996587e-007   1.590346e-001   1.000000e-030   2.982650e-001   1.000000e-030   1.000000e-030   1.000000e-030   1.000000e-030   1.000000e-030   8.291526e-063   1.000000e-030   1.000000e-030   
---------------Pi values----------------
1.000000e+000   0.000000e+000   0.000000e+000   0.000000e+000   0.000000e+000   
------------------------------------------------ opening file input/recordings/quora/rec_4.txt ------------------------------------------------
->obs seq:   11   14   10   22   21   14   14   14   13   13   13   13   13    8   19   18   17   17    8   20   19   21   21   21   21   17   17   22   17   17   17   17   22   22    9 
iteration: 2
-->pstar : 2.54932e-049
-->qstar : 1 2 2 2 2 2 2 2 2 2 2 2 2 2 2 2 2 2 2 2 2 2 2 2 2 2 2 2 2 2 2 2 2 2 3 
iteration: 3
-->pstar : 1.55735e-058
-->qstar : 1 1 1 2 2 2 2 2 2 2 2 2 2 2 2 2 2 2 2 2 2 2 2 2 2 3 3 3 3 3 3 3 3 3 3 
-------------------------------Final Model Lambda (Pi, A, B) after iterations 3--------------------------------
---------------A Matrix----------------
7.827305e-001   2.172695e-001   0.000000e+000   0.000000e+000   0.000000e+000   
0.000000e+000   9.530031e-001   4.699689e-002   0.000000e+000   0.000000e+000   
0.000000e+000   0.000000e+000   1.000000e+000   2.428602e-012   0.000000e+000   
0.000000e+000   0.000000e+000   0.000000e+000   8.715667e-001   1.284333e-001   
0.000000e+000   0.000000e+000   0.000000e+000   0.000000e+000   1.000000e+000   
---------------B Matrix----------------
1.000000e-030   1.000000e-030   1.000000e-030   1.000000e-030   1.000000e-030   1.000000e-030   1.000000e-030   1.173101e-074   1.000000e-030   2.051784e-001   2.172695e-001   1.000000e-030   2.487121e-009   3.690670e-001   1.000000e-030   1.000000e-030   5.897764e-287   4.669532e-202   7.681692e-125   1.000000e-030   7.813635e-002   1.303487e-001   1.000000e-030   1.000000e-030   1.000000e-030   1.000000e-030   1.000000e-030   1.000000e-030   1.000000e-030   1.000000e-030   1.000000e-030   1.000000e-030   
1.000000e-030   1.000000e-030   1.000000e-030   1.000000e-030   1.000000e-030   1.000000e-030   1.000000e-030   9.423132e-002   1.000000e-030   2.621986e-003   1.000000e-030   1.000000e-030   2.355783e-001   1.084292e-001   1.000000e-030   1.000000e-030   1.301769e-001   4.711566e-002   9.423132e-002   4.711566e-002   2.186342e-001   2.186556e-002   1.000000e-030   1.000000e-030   1.000000e-030   1.000000e-030   1.000000e-030   1.000000e-030   1.000000e-030   1.000000e-030   1.000000e-030   1.000000e-030   
1.000000e-030   1.000000e-030   1.000000e-030   1.000000e-030   1.000000e-030   1.000000e-030   1.000000e-030   1.123119e-023   1.000000e-030   3.388848e-080   1.000000e-030   1.000000e-030   4.712808e-024   2.638580e-039   1.000000e-030   1.000000e-030   6.407736e-001   7.722567e-024   1.353618e-024   2.361036e-025   2.450152e-008   3.592263e-001   1.000000e-030   1.000000e-030   1.000000e-030   1.000000e-030   1.000000e-030   1.000000e-030   1.000000e-030   1.000000e-030   1.000000e-030   1.000000e-030   
1.000000e-030   1.000000e-030   1.000000e-030   1.000000e-030   1.000000e-030   1.000000e-030   1.000000e-030   1.279973e-001   1.000000e-030   1.000000e-030   1.000000e-030   1.000000e-030   2.914879e-016   2.692917e-037   1.000000e-030   1.000000e-030   1.022301e-001   4.769679e-013   1.279973e-001   1.279973e-001   5.110744e-001   2.703608e-003   1.000000e-030   1.000000e-030   1.000000e-030   1.000000e-030   1.000000e-030   1.000000e-030   1.000000e-030   1.000000e-030   1.000000e-030   1.000000e-030   
1.000000e-030   1.000000e-030   1.000000e-030   1.000000e-030   1.000000e-030   1.000000e-030   1.000000e-030   1.363231e-075   1.000000e-030   1.000000e-030   1.000000e-030   1.000000e-030   3.934496e-204   1.000000e-030   1.000000e-030   1.000000e-030   6.469987e-001   1.299532e-118   8.805833e-017   1.125116e-043   8.426219e-004   3.521586e-001   1.000000e-030   1.000000e-030   1.000000e-030   1.000000e-030   1.000000e-030   1.000000e-030   1.000000e-030   1.000000e-030   1.000000e-030   1.000000e-030   
---------------Pi values----------------
1.000000e+000   0.000000e+000   0.000000e+000   0.000000e+000   0.000000e+000   
------------------------------------------------ opening file input/recordings/quora/rec_5.txt ------------------------------------------------
->obs seq:   22   23   11   10   23   23   11   14   17    9   13    2   13   13   13   17   17   19    7   19    8   21   21   21   18   18   17   17   17   17   24   17   24   24    9 
iteration: 2
-->pstar : 6.2019e-056
-->qstar : 1 1 1 1 1 1 1 2 2 2 2 2 2 2 2 2 2 2 2 2 2 2 2 2 3 3 3 3 3 3 3 3 3 3 3 
iteration: 3
-->pstar : 6.421e-031
-->qstar : 1 1 1 1 1 1 1 2 2 2 2 2 2 2 2 2 2 2 2 2 2 2 2 2 3 3 3 3 3 3 3 3 3 3 3 
iteration: 4
-->pstar : 6.60784e-056
-->qstar : 1 1 1 1 1 1 1 2 2 2 2 2 2 2 2 2 2 2 2 2 2 2 2 2 3 3 3 3 3 3 3 3 3 3 3 
-------------------------------Final Model Lambda (Pi, A, B) after iterations 4--------------------------------
---------------A Matrix----------------
8.644771e-001   1.355229e-001   0.000000e+000   0.000000e+000   0.000000e+000   
0.000000e+000   9.398279e-001   6.017206e-002   0.000000e+000   0.000000e+000   
0.000000e+000   0.000000e+000   1.000000e+000   4.167524e-109   0.000000e+000   
0.000000e+000   0.000000e+000   0.000000e+000   4.918894e-001   5.081106e-001   
0.000000e+000   0.000000e+000   0.000000e+000   0.000000e+000   1.000000e+000   
---------------B Matrix----------------
1.000000e-030   4.318503e-107   1.000000e-030   1.000000e-030   1.000000e-030   1.000000e-030   1.000000e-030   1.000000e-030   2.025368e-023   1.355229e-001   2.697379e-001   1.000000e-030   3.542781e-049   5.264793e-002   1.000000e-030   1.000000e-030   1.055096e-009   1.000000e-030   1.000000e-030   1.000000e-030   1.000000e-030   1.355229e-001   4.065683e-001   1.000000e-030   1.000000e-030   1.000000e-030   1.000000e-030   1.000000e-030   1.000000e-030   1.000000e-030   1.000000e-030   1.000000e-030   
1.000000e-030   6.017206e-002   1.000000e-030   1.000000e-030   1.000000e-030   1.000000e-030   6.017206e-002   6.017206e-002   6.017206e-002   9.569469e-018   5.807017e-004   1.000000e-030   2.406882e-001   3.679642e-002   1.000000e-030   1.000000e-030   1.805162e-001   7.543508e-005   1.203441e-001   1.000000e-030   1.803104e-001   1.000000e-030   1.773156e-007   3.913676e-014   1.000000e-030   1.000000e-030   1.000000e-030   1.000000e-030   1.000000e-030   1.000000e-030   1.000000e-030   1.000000e-030   
1.000000e-030   4.267902e-128   1.000000e-030   1.000000e-030   1.000000e-030   1.000000e-030   2.599731e-042   7.427393e-018   1.854496e-172   1.000000e-030   8.984111e-252   1.000000e-030   5.789051e-070   4.193662e-206   1.000000e-030   1.000000e-030   4.998917e-001   1.998314e-001   3.979453e-029   1.000000e-030   3.418182e-004   1.000000e-030   3.273053e-307   2.999351e-001   1.000000e-030   1.000000e-030   1.000000e-030   1.000000e-030   1.000000e-030   1.000000e-030   1.000000e-030   1.000000e-030   
1.000000e-030   4.165274e-086   1.000000e-030   1.000000e-030   1.000000e-030   1.000000e-030   1.828025e-007   1.828025e-007   1.021949e-174   1.000000e-030   1.000000e-030   1.000000e-030   7.161521e-033   1.000000e-030   1.000000e-030   1.000000e-030   2.603063e-001   1.064025e-002   3.656050e-007   1.000000e-030   1.724429e-006   1.000000e-030   1.000000e-030   7.290510e-001   1.000000e-030   1.000000e-030   1.000000e-030   1.000000e-030   1.000000e-030   1.000000e-030   1.000000e-030   1.000000e-030   
1.000000e-030   1.000000e-030   1.000000e-030   1.000000e-030   1.000000e-030   1.000000e-030   3.586448e-172   3.038331e-055   1.000000e-030   1.000000e-030   1.000000e-030   1.000000e-030   1.000000e-030   1.000000e-030   1.000000e-030   1.000000e-030   3.488389e-001   5.397842e-007   2.922421e-094   1.000000e-030   5.233760e-016   1.000000e-030   1.000000e-030   6.511606e-001   1.000000e-030   1.000000e-030   1.000000e-030   1.000000e-030   1.000000e-030   1.000000e-030   1.000000e-030   1.000000e-030   
---------------Pi values----------------
1.000000e+000   0.000000e+000   0.000000e+000   0.000000e+000   0.000000e+000   
------------------------------------------------ opening file input/recordings/quora/rec_6.txt ------------------------------------------------
->obs seq:   10   10   24   11   12   10   12   11   13    8   14    8    8   13   13   17   17   17   19   19   19   17   21   21   17   19   17   17   14   24   24   14   24   14    9 
iteration: 2
-->pstar : 1.66404e-044
-->qstar : 1 1 1 1 1 1 1 1 2 2 2 2 2 2 2 2 2 2 2 2 2 2 2 2 2 3 3 3 3 3 3 3 3 3 3 
iteration: 3
-->pstar : 1.18362e-055
-->qstar : 1 1 1 1 1 1 1 1 2 2 2 2 2 2 2 2 2 2 2 2 2 2 2 2 2 2 2 2 3 3 3 3 3 3 3 
-------------------------------Final Model Lambda (Pi, A, B) after iterations 3--------------------------------
---------------A Matrix----------------
8.733541e-001   1.266459e-001   0.000000e+000   0.000000e+000   0.000000e+000   
0.000000e+000   9.482482e-001   5.175181e-002   0.000000e+000   0.000000e+000   
0.000000e+000   0.000000e+000   1.000000e+000   3.952407e-017   0.000000e+000   
0.000000e+000   0.000000e+000   0.000000e+000   9.017295e-001   9.827052e-002   
0.000000e+000   0.000000e+000   0.000000e+000   0.000000e+000   1.000000e+000   
---------------B Matrix----------------
1.000000e-030   1.000000e-030   1.000000e-030   1.000000e-030   1.000000e-030   1.000000e-030   1.000000e-030   1.278290e-023   1.000000e-030   3.799336e-001   2.406371e-001   2.527808e-001   2.566327e-006   2.398570e-041   1.000000e-030   1.000000e-030   1.504585e-144   1.000000e-030   1.000000e-030   1.000000e-030   1.000000e-030   1.000000e-030   1.000000e-030   1.266459e-001   1.000000e-030   1.000000e-030   1.000000e-030   1.000000e-030   1.000000e-030   1.000000e-030   1.000000e-030   1.000000e-030   
1.000000e-030   1.000000e-030   1.000000e-030   1.000000e-030   1.000000e-030   1.000000e-030   1.000000e-030   1.552567e-001   1.000000e-030   1.649726e-006   5.171175e-003   2.087856e-004   1.552557e-001   5.593302e-002   1.000000e-030   1.000000e-030   3.216746e-001   1.000000e-030   2.027479e-001   1.000000e-030   1.035045e-001   1.000000e-030   1.000000e-030   2.460681e-004   1.000000e-030   1.000000e-030   1.000000e-030   1.000000e-030   1.000000e-030   1.000000e-030   1.000000e-030   1.000000e-030   
1.000000e-030   1.000000e-030   1.000000e-030   1.000000e-030   1.000000e-030   1.000000e-030   1.000000e-030   8.715703e-027   1.000000e-030   8.466313e-104   1.925165e-050   2.589651e-073   2.711109e-022   4.304910e-001   1.000000e-030   1.000000e-030   1.156641e-001   1.000000e-030   1.214195e-002   1.000000e-030   1.547266e-008   1.000000e-030   1.000000e-030   4.417029e-001   1.000000e-030   1.000000e-030   1.000000e-030   1.000000e-030   1.000000e-030   1.000000e-030   1.000000e-030   1.000000e-030   
1.000000e-030   1.000000e-030   1.000000e-030   1.000000e-030   1.000000e-030   1.000000e-030   1.000000e-030   6.930946e-012   1.000000e-030   3.041641e-264   1.532226e-087   3.726904e-171   1.159811e-009   4.214046e-003   1.000000e-030   1.000000e-030   4.361785e-001   1.000000e-030   3.643309e-001   1.000000e-030   1.950410e-001   1.000000e-030   1.000000e-030   2.355894e-004   1.000000e-030   1.000000e-030   1.000000e-030   1.000000e-030   1.000000e-030   1.000000e-030   1.000000e-030   1.000000e-030   
1.000000e-030   1.000000e-030   1.000000e-030   1.000000e-030   1.000000e-030   1.000000e-030   1.000000e-030   1.070205e-067   1.000000e-030   1.000000e-030   1.000000e-030   1.000000e-030   3.946639e-041   4.650728e-001   1.000000e-030   1.000000e-030   6.360391e-002   1.000000e-030   7.959478e-005   1.000000e-030   9.883570e-009   1.000000e-030   1.000000e-030   4.712437e-001   1.000000e-030   1.000000e-030   1.000000e-030   1.000000e-030   1.000000e-030   1.000000e-030   1.000000e-030   1.000000e-030   
---------------Pi values----------------
1.000000e+000   0.000000e+000   0.000000e+000   0.000000e+000   0.000000e+000   
------------------------------------------------ opening file input/recordings/quora/rec_7.txt ------------------------------------------------
->obs seq:   14   10   12   11   10   14   14   13   13   13    8    8   13    8   19   18   18   19   19    8    8   19   21   21   21   21   19   23   17   17   22   24   22   24    9 
iteration: 2
-->pstar : 7.93845e-054
-->qstar : 1 1 1 1 1 2 2 2 2 2 2 2 2 2 2 2 2 2 2 2 2 2 2 2 2 2 3 3 3 3 3 3 3 3 3 
iteration: 3
-->pstar : 4.35712e-058
-->qstar : 1 1 1 1 1 1 1 2 2 2 2 2 2 2 2 2 2 2 2 2 2 2 2 2 2 2 2 3 3 3 3 3 3 3 3 
-------------------------------Final Model Lambda (Pi, A, B) after iterations 3--------------------------------
---------------A Matrix----------------
8.483301e-001   1.516699e-001   0.000000e+000   0.000000e+000   0.000000e+000   
0.000000e+000   9.512517e-001   4.874834e-002   0.000000e+000   0.000000e+000   
0.000000e+000   0.000000e+000   1.000000e+000   1.176893e-011   0.000000e+000   
0.000000e+000   0.000000e+000   0.000000e+000   8.535608e-001   1.464392e-001   
0.000000e+000   0.000000e+000   0.000000e+000   0.000000e+000   1.000000e+000   
---------------B Matrix----------------
1.000000e-030   1.000000e-030   1.000000e-030   1.000000e-030   1.000000e-030   1.000000e-030   1.000000e-030   1.768682e-046   1.000000e-030   3.029083e-001   1.516593e-001   1.516698e-001   1.595861e-007   3.937624e-001   1.000000e-030   1.000000e-030   1.000000e-030   6.610781e-275   1.870396e-177   1.000000e-030   1.000000e-030   1.000000e-030   1.000000e-030   1.000000e-030   1.000000e-030   1.000000e-030   1.000000e-030   1.000000e-030   1.000000e-030   1.000000e-030   1.000000e-030   1.000000e-030   
1.000000e-030   1.000000e-030   1.000000e-030   1.000000e-030   1.000000e-030   1.000000e-030   1.000000e-030   2.437453e-001   1.000000e-030   1.386974e-004   3.413211e-006   2.941825e-008   1.949962e-001   1.968582e-002   1.000000e-030   1.000000e-030   3.098776e-003   9.749811e-002   2.346553e-001   1.000000e-030   1.949962e-001   6.456546e-005   1.111207e-002   5.560700e-006   1.000000e-030   1.000000e-030   1.000000e-030   1.000000e-030   1.000000e-030   1.000000e-030   1.000000e-030   1.000000e-030   
1.000000e-030   1.000000e-030   1.000000e-030   1.000000e-030   1.000000e-030   1.000000e-030   1.000000e-030   1.151362e-019   1.000000e-030   1.461132e-068   3.820647e-096   2.938673e-130   4.838498e-022   2.835367e-038   1.000000e-030   1.000000e-030   2.809066e-001   2.024647e-020   2.704920e-002   1.000000e-030   8.161556e-008   2.899356e-001   1.119974e-001   2.901112e-001   1.000000e-030   1.000000e-030   1.000000e-030   1.000000e-030   1.000000e-030   1.000000e-030   1.000000e-030   1.000000e-030   
1.000000e-030   1.000000e-030   1.000000e-030   1.000000e-030   1.000000e-030   1.000000e-030   1.000000e-030   7.754553e-002   1.000000e-030   4.898044e-116   9.601499e-200   1.000000e-030   4.588532e-015   1.154342e-039   1.000000e-030   1.000000e-030   4.986920e-002   4.900890e-003   2.000550e-001   1.000000e-030   5.553238e-001   2.468474e-003   1.063177e-001   3.519369e-003   1.000000e-030   1.000000e-030   1.000000e-030   1.000000e-030   1.000000e-030   1.000000e-030   1.000000e-030   1.000000e-030   
1.000000e-030   1.000000e-030   1.000000e-030   1.000000e-030   1.000000e-030   1.000000e-030   1.000000e-030   2.008650e-039   1.000000e-030   1.000000e-030   1.000000e-030   1.000000e-030   3.563775e-173   1.000000e-030   1.000000e-030   1.000000e-030   2.790071e-001   1.369772e-085   6.288659e-005   1.000000e-030   4.460896e-009   3.392982e-001   4.003266e-002   3.415992e-001   1.000000e-030   1.000000e-030   1.000000e-030   1.000000e-030   1.000000e-030   1.000000e-030   1.000000e-030   1.000000e-030   
---------------Pi values----------------
1.000000e+000   0.000000e+000   0.000000e+000   0.000000e+000   0.000000e+000   
------------------------------------------------ opening file input/recordings/quora/rec_8.txt ------------------------------------------------
->obs seq:   12   23   12   12   11   11   11   32   13   19   23   13   13    8   19   18   17   17   23    8   19   21   21   21   17   23   17   22   13   13   17   22   24   14    9 
iteration: 2
-->pstar : 1.04729e-046
-->qstar : 1 1 1 1 1 1 1 1 2 2 2 2 2 2 2 2 2 2 2 2 2 2 2 2 2 2 2 2 3 3 3 3 3 3 3 
iteration: 3
-->pstar : 3.92855e-059
-->qstar : 1 1 1 1 1 1 1 1 2 2 2 2 2 2 2 2 2 2 2 2 2 2 2 2 2 2 3 3 3 3 3 3 3 3 3 
-------------------------------Final Model Lambda (Pi, A, B) after iterations 3--------------------------------
---------------A Matrix----------------
8.748656e-001   1.251344e-001   0.000000e+000   0.000000e+000   0.000000e+000   
0.000000e+000   9.456765e-001   5.432351e-002   0.000000e+000   0.000000e+000   
0.000000e+000   0.000000e+000   1.000000e+000   2.770642e-020   0.000000e+000   
0.000000e+000   0.000000e+000   0.000000e+000   8.869247e-001   1.130753e-001   
0.000000e+000   0.000000e+000   0.000000e+000   0.000000e+000   1.000000e+000   
---------------B Matrix----------------
1.000000e-030   1.000000e-030   1.000000e-030   1.000000e-030   1.000000e-030   1.000000e-030   1.000000e-030   2.724171e-071   1.000000e-030   1.000000e-030   3.754012e-001   3.754032e-001   3.444025e-006   1.000000e-030   1.000000e-030   1.000000e-030   4.726841e-254   1.321020e-167   3.503504e-023   1.000000e-030   1.000000e-030   1.000000e-030   1.251344e-001   1.000000e-030   1.000000e-030   1.000000e-030   1.000000e-030   1.000000e-030   1.000000e-030   1.000000e-030   1.000000e-030   1.240578e-001   
1.000000e-030   1.000000e-030   1.000000e-030   1.000000e-030   1.000000e-030   1.000000e-030   1.000000e-030   1.086680e-001   1.000000e-030   1.000000e-030   8.680732e-007   3.449567e-016   1.731172e-001   1.097835e-005   1.000000e-030   1.000000e-030   1.799114e-001   5.433398e-002   1.630019e-001   1.000000e-030   1.630019e-001   9.442891e-003   1.480148e-001   2.869728e-005   1.000000e-030   1.000000e-030   1.000000e-030   1.000000e-030   1.000000e-030   1.000000e-030   1.000000e-030   4.674733e-004   
1.000000e-030   1.000000e-030   1.000000e-030   1.000000e-030   1.000000e-030   1.000000e-030   1.000000e-030   1.892589e-029   1.000000e-030   1.000000e-030   1.120664e-074   7.950224e-184   2.385361e-001   1.314849e-001   1.000000e-030   1.000000e-030   2.220947e-001   1.193842e-029   4.792836e-029   1.000000e-030   2.780581e-008   2.401670e-001   3.627535e-002   1.314420e-001   1.000000e-030   1.000000e-030   1.000000e-030   1.000000e-030   1.000000e-030   1.000000e-030   1.000000e-030   3.217593e-046   
1.000000e-030   1.000000e-030   1.000000e-030   1.000000e-030   1.000000e-030   1.000000e-030   1.000000e-030   1.359144e-001   1.000000e-030   1.000000e-030   3.274269e-153   1.000000e-030   3.048884e-003   7.410781e-004   1.000000e-030   1.000000e-030   2.090151e-001   2.866668e-002   1.359154e-001   1.000000e-030   3.216072e-001   5.042096e-003   1.599377e-001   1.113731e-004   1.000000e-030   1.000000e-030   1.000000e-030   1.000000e-030   1.000000e-030   1.000000e-030   1.000000e-030   4.915252e-080   
1.000000e-030   1.000000e-030   1.000000e-030   1.000000e-030   1.000000e-030   1.000000e-030   1.000000e-030   1.110329e-025   1.000000e-030   1.000000e-030   1.000000e-030   1.000000e-030   2.455952e-001   1.261133e-001   1.000000e-030   1.000000e-030   2.213889e-001   6.423117e-039   4.072160e-015   1.000000e-030   1.518739e-004   2.434223e-001   3.730596e-002   1.260225e-001   1.000000e-030   1.000000e-030   1.000000e-030   1.000000e-030   1.000000e-030   1.000000e-030   1.000000e-030   1.030230e-260   
---------------Pi values----------------
1.000000e+000   0.000000e+000   0.000000e+000   0.000000e+000   0.000000e+000   
------------------------------------------------ opening file input/recordings/quora/rec_9.txt ------------------------------------------------
->obs seq:   11   31   32   31   32   32   24   20   12   31    8   23    8   18   17   17   19   19   19   21   21   21   21   21   17   22   24   17   17   17   22   24   24   24    9 
iteration: 2
-->pstar : 6.43984e-051
-->qstar : 1 1 1 1 1 1 1 1 1 1 2 2 2 2 2 2 2 2 2 2 2 2 2 2 2 2 2 2 2 2 2 3 3 3 3 
iteration: 3
-->pstar : 1.33822e-057
-->qstar : 1 1 1 1 1 1 1 1 1 1 2 2 2 2 2 2 2 2 2 2 2 2 2 2 2 3 3 3 3 3 3 3 3 3 3 
-------------------------------Final Model Lambda (Pi, A, B) after iterations 3--------------------------------
---------------A Matrix----------------
8.989297e-001   1.010703e-001   0.000000e+000   0.000000e+000   0.000000e+000   
0.000000e+000   9.346187e-001   6.538134e-002   0.000000e+000   0.000000e+000   
0.000000e+000   0.000000e+000   1.000000e+000   1.548742e-012   0.000000e+000   
0.000000e+000   0.000000e+000   0.000000e+000   8.847754e-001   1.152246e-001   
0.000000e+000   0.000000e+000   0.000000e+000   0.000000e+000   1.000000e+000   
---------------B Matrix----------------
1.000000e-030   1.000000e-030   1.000000e-030   1.000000e-030   1.000000e-030   1.000000e-030   1.000000e-030   3.687005e-014   1.000000e-030   1.000000e-030   1.010703e-001   9.935934e-002   1.000000e-030   1.000000e-030   1.000000e-030   1.000000e-030   5.612220e-151   3.901924e-091   1.351996e-290   1.006974e-001   1.000000e-030   1.000000e-030   2.081312e-026   1.009054e-001   1.000000e-030   1.000000e-030   1.000000e-030   1.000000e-030   1.000000e-030   1.000000e-030   2.947567e-001   3.032109e-001   
1.000000e-030   1.000000e-030   1.000000e-030   1.000000e-030   1.000000e-030   1.000000e-030   1.000000e-030   1.307962e-001   1.000000e-030   1.000000e-030   1.000000e-030   1.107087e-003   1.000000e-030   1.000000e-030   1.000000e-030   1.000000e-030   1.830599e-001   6.539809e-002   1.961943e-001   2.412900e-004   3.269905e-001   1.905222e-002   6.539809e-002   6.292103e-003   1.000000e-030   1.000000e-030   1.000000e-030   1.000000e-030   1.000000e-030   1.000000e-030   5.470310e-003   2.779847e-008   
1.000000e-030   1.000000e-030   1.000000e-030   1.000000e-030   1.000000e-030   1.000000e-030   1.000000e-030   1.394223e-024   1.000000e-030   1.000000e-030   1.000000e-030   1.692330e-051   1.000000e-030   1.000000e-030   1.000000e-030   1.000000e-030   3.631155e-001   5.719461e-024   7.445415e-026   3.401222e-071   1.120522e-008   1.938385e-001   8.188181e-026   4.430460e-001   1.000000e-030   1.000000e-030   1.000000e-030   1.000000e-030   1.000000e-030   1.000000e-030   6.899126e-032   9.063036e-107   
1.000000e-030   1.000000e-030   1.000000e-030   1.000000e-030   1.000000e-030   1.000000e-030   1.000000e-030   6.231633e-015   1.000000e-030   1.000000e-030   1.000000e-030   1.276239e-125   1.000000e-030   1.000000e-030   1.000000e-030   1.000000e-030   8.019671e-002   1.122430e-013   3.431704e-001   2.277828e-170   5.712616e-001   4.952265e-003   5.332450e-018   4.189783e-004   1.000000e-030   1.000000e-030   1.000000e-030   1.000000e-030   1.000000e-030   1.000000e-030   1.907340e-065   8.662735e-304   
1.000000e-030   1.000000e-030   1.000000e-030   1.000000e-030   1.000000e-030   1.000000e-030   1.000000e-030   3.639136e-086   1.000000e-030   1.000000e-030   1.000000e-030   1.000000e-030   1.000000e-030   1.000000e-030   1.000000e-030   1.000000e-030   3.770036e-001   4.260466e-064   1.558111e-020   1.000000e-030   6.266255e-004   2.043086e-001   1.658655e-109   4.180612e-001   1.000000e-030   1.000000e-030   1.000000e-030   1.000000e-030   1.000000e-030   1.000000e-030   8.124394e-279   1.000000e-030   
---------------Pi values----------------
1.000000e+000   0.000000e+000   0.000000e+000   0.000000e+000   0.000000e+000   
------------------------------------------------ opening file input/recordings/quora/rec_10.txt ------------------------------------------------
->obs seq:   11   10   23   11   21   22   22   13   23   13   20    8   23   23   18   18   17   19   19   19   21   21   21   21   17   19   21   17   24   17   24   24   24   24    9 
iteration: 2
-->pstar : 1.48181e-051
-->qstar : 1 1 1 1 2 2 2 2 2 2 2 2 2 2 2 2 2 2 2 2 2 2 2 2 2 2 2 2 3 3 3 3 3 3 3 
iteration: 3
-->pstar : 1.47831e-058
-->qstar : 1 1 1 1 2 2 2 2 2 2 2 2 2 2 2 2 2 2 2 2 2 2 2 2 2 2 2 3 3 3 3 3 3 3 3 
-------------------------------Final Model Lambda (Pi, A, B) after iterations 3--------------------------------
---------------A Matrix----------------
7.847125e-001   2.152875e-001   0.000000e+000   0.000000e+000   0.000000e+000   
0.000000e+000   9.562165e-001   4.378349e-002   0.000000e+000   0.000000e+000   
0.000000e+000   0.000000e+000   1.000000e+000   1.808372e-011   0.000000e+000   
0.000000e+000   0.000000e+000   0.000000e+000   9.040289e-001   9.597109e-002   
0.000000e+000   0.000000e+000   0.000000e+000   0.000000e+000   1.000000e+000   
---------------B Matrix----------------
1.000000e-030   1.000000e-030   1.000000e-030   1.000000e-030   1.000000e-030   1.000000e-030   1.000000e-030   5.105891e-041   1.000000e-030   2.152779e-001   4.243779e-001   1.000000e-030   1.062302e-006   1.000000e-030   1.000000e-030   1.000000e-030   4.949587e-222   3.828437e-090   1.000000e-030   1.039558e-020   8.472330e-002   6.294496e-002   2.126749e-001   1.000000e-030   1.000000e-030   1.000000e-030   1.000000e-030   1.000000e-030   1.000000e-030   1.000000e-030   1.000000e-030   1.000000e-030   
1.000000e-030   1.000000e-030   1.000000e-030   1.000000e-030   1.000000e-030   1.000000e-030   1.000000e-030   4.378355e-002   1.000000e-030   1.944024e-006   1.260316e-003   1.000000e-030   8.756689e-002   1.000000e-030   1.000000e-030   1.000000e-030   1.073274e-001   8.756710e-002   1.751342e-001   4.378355e-002   2.454707e-001   7.476583e-002   1.318820e-001   1.456527e-003   1.000000e-030   1.000000e-030   1.000000e-030   1.000000e-030   1.000000e-030   1.000000e-030   1.000000e-030   1.000000e-030   
1.000000e-030   1.000000e-030   1.000000e-030   1.000000e-030   1.000000e-030   1.000000e-030   1.000000e-030   1.839272e-025   1.000000e-030   1.000000e-030   2.150992e-074   1.000000e-030   9.264247e-032   1.000000e-030   1.000000e-030   1.000000e-030   2.376949e-001   2.897569e-021   1.461751e-011   2.739538e-028   6.883342e-007   1.398869e-044   5.040714e-022   7.623044e-001   1.000000e-030   1.000000e-030   1.000000e-030   1.000000e-030   1.000000e-030   1.000000e-030   1.000000e-030   1.000000e-030   
1.000000e-030   1.000000e-030   1.000000e-030   1.000000e-030   1.000000e-030   1.000000e-030   1.000000e-030   1.500168e-018   1.000000e-030   1.000000e-030   4.060832e-089   1.000000e-030   4.937502e-027   1.000000e-030   1.000000e-030   1.000000e-030   1.430956e-001   9.169084e-012   3.790560e-001   5.071424e-022   4.728180e-001   8.417205e-043   5.204867e-014   5.030386e-003   1.000000e-030   1.000000e-030   1.000000e-030   1.000000e-030   1.000000e-030   1.000000e-030   1.000000e-030   1.000000e-030   
1.000000e-030   1.000000e-030   1.000000e-030   1.000000e-030   1.000000e-030   1.000000e-030   1.000000e-030   1.897739e-131   1.000000e-030   1.000000e-030   1.000000e-030   1.000000e-030   3.813271e-223   1.000000e-030   1.000000e-030   1.000000e-030   2.312428e-001   2.034354e-050   9.623519e-007   3.455115e-179   1.111679e-003   1.000000e-030   3.634144e-086   7.676445e-001   1.000000e-030   1.000000e-030   1.000000e-030   1.000000e-030   1.000000e-030   1.000000e-030   1.000000e-030   1.000000e-030   
---------------Pi values----------------
1.000000e+000   0.000000e+000   0.000000e+000   0.000000e+000   0.000000e+000   
------------------------------------------------ opening file input/recordings/quora/rec_11.txt ------------------------------------------------
->obs seq:   32   23   12   23   23   23   23   11   17   13    2   13   13   23   23   18   18   17   17   20    8   22   21   21   21   17   17   17   17   17   17   22   22   24    9 
iteration: 2
-->pstar : 1.63004e-055
-->qstar : 1 1 1 1 1 1 1 1 2 2 2 2 2 2 2 2 2 2 2 2 2 2 2 2 2 2 2 2 2 2 2 2 2 3 3 
iteration: 3
-->pstar : 3.1953e-058
-->qstar : 1 1 1 1 1 1 1 1 2 2 2 2 2 2 2 2 2 2 2 2 2 2 2 2 2 2 2 2 2 2 2 3 3 3 3 
-------------------------------Final Model Lambda (Pi, A, B) after iterations 3--------------------------------
---------------A Matrix----------------
8.709012e-001   1.290988e-001   0.000000e+000   0.000000e+000   0.000000e+000   
0.000000e+000   9.523867e-001   4.761331e-002   0.000000e+000   0.000000e+000   
0.000000e+000   0.000000e+000   9.999997e-001   3.252559e-007   0.000000e+000   
0.000000e+000   0.000000e+000   0.000000e+000   8.484084e-001   1.515916e-001   
0.000000e+000   0.000000e+000   0.000000e+000   0.000000e+000   1.000000e+000   
---------------B Matrix----------------
1.000000e-030   2.140435e-053   1.000000e-030   1.000000e-030   1.000000e-030   1.000000e-030   1.000000e-030   1.000000e-030   1.000000e-030   1.000000e-030   1.014927e-001   1.290988e-001   1.413513e-020   1.000000e-030   1.000000e-030   1.000000e-030   3.346191e-009   6.615116e-143   1.000000e-030   1.000000e-030   1.000000e-030   1.000000e-030   6.403097e-001   1.000000e-030   1.000000e-030   1.000000e-030   1.000000e-030   1.000000e-030   1.000000e-030   1.000000e-030   1.000000e-030   1.290988e-001   
1.000000e-030   4.813988e-002   1.000000e-030   1.000000e-030   1.000000e-030   1.000000e-030   1.000000e-030   4.813982e-002   1.000000e-030   1.000000e-030   1.029409e-002   9.008570e-009   1.444197e-001   1.000000e-030   1.000000e-030   1.000000e-030   3.086321e-001   9.627977e-002   1.000000e-030   4.813982e-002   1.444161e-001   5.277910e-002   9.821296e-002   5.467095e-004   1.000000e-030   1.000000e-030   1.000000e-030   1.000000e-030   1.000000e-030   1.000000e-030   1.000000e-030   1.000000e-030   
1.000000e-030   2.855209e-021   1.000000e-030   1.000000e-030   1.000000e-030   1.000000e-030   1.000000e-030   6.513827e-011   1.000000e-030   1.000000e-030   1.804875e-036   4.167309e-072   7.189980e-015   1.000000e-030   1.000000e-030   1.000000e-030   4.723144e-001   1.739296e-010   1.000000e-030   8.810107e-011   1.258347e-005   3.473026e-001   1.328381e-011   1.803704e-001   1.000000e-030   1.000000e-030   1.000000e-030   1.000000e-030   1.000000e-030   1.000000e-030   1.000000e-030   1.000000e-030   
1.000000e-030   1.292094e-048   1.000000e-030   1.000000e-030   1.000000e-030   1.000000e-030   1.000000e-030   1.136604e-001   1.000000e-030   1.000000e-030   5.146542e-116   1.000000e-030   2.689439e-013   1.000000e-030   1.000000e-030   1.000000e-030   2.052263e-001   2.543958e-005   1.000000e-030   1.136187e-001   4.517535e-001   1.154644e-001   1.468972e-007   2.511770e-004   1.000000e-030   1.000000e-030   1.000000e-030   1.000000e-030   1.000000e-030   1.000000e-030   1.000000e-030   1.000000e-030   
1.000000e-030   1.762763e-312   1.000000e-030   1.000000e-030   1.000000e-030   1.000000e-030   1.000000e-030   7.301955e-016   1.000000e-030   1.000000e-030   1.000000e-030   1.000000e-030   2.412382e-213   1.000000e-030   1.000000e-030   1.000000e-030   6.199198e-001   3.317623e-077   1.000000e-030   3.171351e-044   7.719025e-004   2.524704e-001   1.015583e-141   1.268379e-001   1.000000e-030   1.000000e-030   1.000000e-030   1.000000e-030   1.000000e-030   1.000000e-030   1.000000e-030   1.000000e-030   
---------------Pi values----------------
1.000000e+000   0.000000e+000   0.000000e+000   0.000000e+000   0.000000e+000   
------------------------------------------------ opening file input/recordings/quora/rec_12.txt ------------------------------------------------
->obs seq:   24   11   32   32   30   23   24   11   24   23    4   13   13   23   23   18   18   17   18   19   19   18   17   21   18   21   17   17   17   17   17   22   22   22    9 
iteration: 2
-->pstar : 5.88211e-055
-->qstar : 1 1 1 1 1 1 1 1 2 3 3 3 3 3 3 3 3 3 3 3 3 3 3 3 3 3 3 3 3 3 3 3 3 3 3 
iteration: 3
-->pstar : 6.83508e-060
-->qstar : 1 1 1 1 1 1 1 1 1 1 2 3 3 3 3 3 3 3 3 3 3 3 3 3 3 3 3 3 3 3 3 3 3 3 3 
-------------------------------Final Model Lambda (Pi, A, B) after iterations 3--------------------------------
---------------A Matrix----------------
8.813933e-001   1.186067e-001   0.000000e+000   0.000000e+000   0.000000e+000   
0.000000e+000   7.622449e-001   2.377551e-001   0.000000e+000   0.000000e+000   
0.000000e+000   0.000000e+000   9.999998e-001   1.860910e-007   0.000000e+000   
0.000000e+000   0.000000e+000   0.000000e+000   8.960224e-001   1.039776e-001   
0.000000e+000   0.000000e+000   0.000000e+000   0.000000e+000   1.000000e+000   
---------------B Matrix----------------
1.000000e-030   1.000000e-030   1.000000e-030   2.639377e-026   1.000000e-030   1.000000e-030   1.000000e-030   1.000000e-030   1.000000e-030   1.000000e-030   2.112293e-001   1.000000e-030   5.960119e-055   1.000000e-030   1.000000e-030   1.000000e-030   2.971576e-298   6.376000e-144   1.000000e-030   1.000000e-030   1.000000e-030   1.000000e-030   1.427109e-001   2.904849e-001   1.000000e-030   1.000000e-030   1.000000e-030   1.000000e-030   1.000000e-030   1.183617e-001   1.000000e-030   2.372133e-001   
1.000000e-030   1.000000e-030   1.000000e-030   1.851838e-001   1.000000e-030   1.000000e-030   1.000000e-030   1.000000e-030   1.000000e-030   1.000000e-030   5.208735e-002   1.000000e-030   2.416189e-001   1.000000e-030   1.000000e-030   1.000000e-030   1.287947e-002   6.275181e-002   6.680834e-003   1.000000e-030   6.877951e-004   1.270667e-005   3.076337e-001   1.299725e-001   1.000000e-030   1.000000e-030   1.000000e-030   1.000000e-030   1.000000e-030   4.910943e-004   1.000000e-030   1.106411e-007   
1.000000e-030   1.000000e-030   1.000000e-030   1.035089e-002   1.000000e-030   1.000000e-030   1.000000e-030   1.000000e-030   1.000000e-030   1.000000e-030   9.358565e-013   1.000000e-030   4.605024e-002   1.000000e-030   1.000000e-030   1.000000e-030   3.251364e-001   2.216970e-001   9.230529e-002   1.000000e-030   9.348517e-002   1.404284e-001   7.035028e-002   1.963959e-004   1.000000e-030   1.000000e-030   1.000000e-030   1.000000e-030   1.000000e-030   2.394720e-041   1.000000e-030   1.339760e-075   
1.000000e-030   1.000000e-030   1.000000e-030   9.432611e-041   1.000000e-030   1.000000e-030   1.000000e-030   1.000000e-030   1.000000e-030   1.000000e-030   9.799952e-136   1.000000e-030   4.459317e-010   1.000000e-030   1.000000e-030   1.000000e-030   2.732478e-001   3.420044e-001   1.800711e-001   1.000000e-030   2.040266e-001   2.800514e-004   3.700519e-004   4.835877e-086   1.000000e-030   1.000000e-030   1.000000e-030   1.000000e-030   1.000000e-030   1.172948e-280   1.000000e-030   1.000000e-030   
1.000000e-030   1.000000e-030   1.000000e-030   1.829556e-149   1.000000e-030   1.000000e-030   1.000000e-030   1.000000e-030   1.000000e-030   1.000000e-030   1.000000e-030   1.000000e-030   4.424360e-086   1.000000e-030   1.000000e-030   1.000000e-030   5.644121e-001   1.816048e-006   6.758538e-018   1.000000e-030   1.520936e-003   4.340652e-001   6.797204e-051   4.718145e-295   1.000000e-030   1.000000e-030   1.000000e-030   1.000000e-030   1.000000e-030   1.000000e-030   1.000000e-030   1.000000e-030   
---------------Pi values----------------
1.000000e+000   0.000000e+000   0.000000e+000   0.000000e+000   0.000000e+000   
------------------------------------------------ opening file input/recordings/quora/rec_13.txt ------------------------------------------------
->obs seq:   12   11   11   11   32   12   10   12   13   23   20   19   13   23   23   19   18   18   18   20   19   21   21   21   21   21   21   21   17   17   14   22   24   22    9 
iteration: 2
-->pstar : 1.13398e-051
-->qstar : 1 1 1 1 1 1 1 1 2 2 2 2 2 2 2 2 2 2 2 2 2 2 2 2 2 2 2 2 2 2 2 2 2 2 3 
iteration: 3
-->pstar : 9.63017e-059
-->qstar : 1 1 1 1 1 1 1 1 2 2 2 2 2 2 2 2 2 2 2 2 2 2 2 2 2 2 2 2 3 3 3 3 3 3 3 
-------------------------------Final Model Lambda (Pi, A, B) after iterations 3--------------------------------
---------------A Matrix----------------
8.741394e-001   1.258606e-001   0.000000e+000   0.000000e+000   0.000000e+000   
0.000000e+000   9.523444e-001   4.765563e-002   0.000000e+000   0.000000e+000   
0.000000e+000   0.000000e+000   1.000000e+000   1.287420e-012   0.000000e+000   
0.000000e+000   0.000000e+000   0.000000e+000   6.689747e-001   3.310253e-001   
0.000000e+000   0.000000e+000   0.000000e+000   0.000000e+000   1.000000e+000   
---------------B Matrix----------------
1.000000e-030   1.000000e-030   1.000000e-030   1.000000e-030   1.000000e-030   1.000000e-030   1.000000e-030   1.000000e-030   1.000000e-030   1.255973e-001   3.775819e-001   3.709376e-001   2.256299e-005   1.000000e-030   1.000000e-030   1.000000e-030   1.000000e-030   2.193519e-123   1.266298e-031   9.703858e-014   1.000000e-030   1.000000e-030   2.210382e-009   1.000000e-030   1.000000e-030   1.000000e-030   1.000000e-030   1.000000e-030   1.000000e-030   1.000000e-030   1.000000e-030   1.258606e-001   
1.000000e-030   1.000000e-030   1.000000e-030   1.000000e-030   1.000000e-030   1.000000e-030   1.000000e-030   1.000000e-030   1.000000e-030   9.981049e-005   4.516971e-014   2.518422e-003   9.540155e-002   3.060574e-003   1.000000e-030   1.000000e-030   3.978566e-002   1.431151e-001   1.431151e-001   9.541010e-002   3.339353e-001   3.723528e-004   1.431151e-001   7.076216e-005   1.000000e-030   1.000000e-030   1.000000e-030   1.000000e-030   1.000000e-030   1.000000e-030   1.000000e-030   1.087097e-009   
1.000000e-030   1.000000e-030   1.000000e-030   1.000000e-030   1.000000e-030   1.000000e-030   1.000000e-030   1.000000e-030   1.000000e-030   4.724567e-074   2.709201e-194   7.658022e-047   6.318724e-027   1.837668e-001   1.000000e-030   1.000000e-030   2.289628e-001   2.609159e-021   4.567845e-021   2.988358e-021   8.246704e-008   3.911969e-001   8.268948e-023   1.960735e-001   1.000000e-030   1.000000e-030   1.000000e-030   1.000000e-030   1.000000e-030   1.000000e-030   1.000000e-030   6.551700e-141   
1.000000e-030   1.000000e-030   1.000000e-030   1.000000e-030   1.000000e-030   1.000000e-030   1.000000e-030   1.000000e-030   1.000000e-030   1.255513e-156   1.000000e-030   1.177961e-088   1.886993e-017   7.717647e-002   1.000000e-030   1.000000e-030   1.825212e-001   1.114701e-008   3.681982e-008   1.751488e-008   1.211115e-003   6.650483e-001   5.450027e-012   7.404278e-002   1.000000e-030   1.000000e-030   1.000000e-030   1.000000e-030   1.000000e-030   1.000000e-030   1.000000e-030   1.000000e-030   
1.000000e-030   1.000000e-030   1.000000e-030   1.000000e-030   1.000000e-030   1.000000e-030   1.000000e-030   1.000000e-030   1.000000e-030   1.000000e-030   1.000000e-030   1.000000e-030   2.156349e-287   1.689371e-001   1.000000e-030   1.000000e-030   3.744396e-004   9.310005e-096   5.760066e-033   1.227641e-063   1.653089e-006   5.546364e-001   3.233512e-211   2.760505e-001   1.000000e-030   1.000000e-030   1.000000e-030   1.000000e-030   1.000000e-030   1.000000e-030   1.000000e-030   1.000000e-030   
---------------Pi values----------------
1.000000e+000   0.000000e+000   0.000000e+000   0.000000e+000   0.000000e+000   
------------------------------------------------ opening file input/recordings/quora/rec_14.txt ------------------------------------------------
->obs seq:   31   24   20   12   31   11   11   11   13   20   13   20   23   23   18   20   18   18   17   17   19   19   19   21   21   21   21   22   17   17   17   17   14   24    9 
iteration: 2
-->pstar : 9.68024e-052
-->qstar : 1 1 1 1 1 1 1 1 2 2 2 2 2 2 2 2 2 2 2 2 2 2 2 2 2 2 2 2 2 2 2 2 2 3 3 
iteration: 3
-->pstar : 7.87091e-060
-->qstar : 1 1 1 1 1 1 1 1 2 2 2 2 2 2 2 2 2 2 2 2 2 2 2 2 2 2 2 2 3 3 3 3 3 3 3 
-------------------------------Final Model Lambda (Pi, A, B) after iterations 3--------------------------------
---------------A Matrix----------------
8.733671e-001   1.266329e-001   0.000000e+000   0.000000e+000   0.000000e+000   
0.000000e+000   9.512475e-001   4.875251e-002   0.000000e+000   0.000000e+000   
0.000000e+000   0.000000e+000   1.000000e+000   7.456644e-012   0.000000e+000   
0.000000e+000   0.000000e+000   0.000000e+000   8.779581e-001   1.220419e-001   
0.000000e+000   0.000000e+000   0.000000e+000   0.000000e+000   1.000000e+000   
---------------B Matrix----------------
1.000000e-030   1.000000e-030   1.000000e-030   1.000000e-030   1.000000e-030   1.000000e-030   1.000000e-030   1.000000e-030   1.000000e-030   1.000000e-030   3.668171e-001   1.266329e-001   1.270793e-005   1.000000e-030   1.000000e-030   1.000000e-030   2.480226e-233   1.255606e-062   1.000000e-030   1.266391e-001   1.000000e-030   1.000000e-030   1.585565e-018   1.266329e-001   1.000000e-030   1.000000e-030   1.000000e-030   1.000000e-030   1.000000e-030   1.000000e-030   2.532653e-001   1.000000e-030   
1.000000e-030   1.000000e-030   1.000000e-030   1.000000e-030   1.000000e-030   1.000000e-030   1.000000e-030   1.000000e-030   1.000000e-030   1.000000e-030   5.038352e-003   2.785801e-009   9.753976e-002   6.071972e-005   1.000000e-030   1.000000e-030   1.248544e-001   1.463170e-001   1.463170e-001   1.463146e-001   1.950893e-001   4.090346e-002   9.754465e-002   2.064683e-005   1.000000e-030   1.000000e-030   1.000000e-030   1.000000e-030   1.000000e-030   1.000000e-030   1.842807e-007   1.000000e-030   
1.000000e-030   1.000000e-030   1.000000e-030   1.000000e-030   1.000000e-030   1.000000e-030   1.000000e-030   1.000000e-030   1.000000e-030   1.000000e-030   6.000377e-054   3.868489e-175   4.855080e-032   1.783578e-001   1.000000e-030   1.000000e-030   6.143258e-001   4.409604e-023   9.834986e-025   1.482111e-024   1.807565e-008   2.881190e-002   5.606978e-026   1.785045e-001   1.000000e-030   1.000000e-030   1.000000e-030   1.000000e-030   1.000000e-030   1.000000e-030   3.919125e-133   1.000000e-030   
1.000000e-030   1.000000e-030   1.000000e-030   1.000000e-030   1.000000e-030   1.000000e-030   1.000000e-030   1.000000e-030   1.000000e-030   1.000000e-030   3.369303e-089   1.000000e-030   6.319993e-027   4.936320e-004   1.000000e-030   1.000000e-030   8.220882e-002   1.099046e-013   3.667630e-001   2.453149e-015   4.877635e-001   6.239537e-002   5.347890e-018   3.756457e-004   1.000000e-030   1.000000e-030   1.000000e-030   1.000000e-030   1.000000e-030   1.000000e-030   1.000000e-030   1.000000e-030   
1.000000e-030   1.000000e-030   1.000000e-030   1.000000e-030   1.000000e-030   1.000000e-030   1.000000e-030   1.000000e-030   1.000000e-030   1.000000e-030   1.000000e-030   1.000000e-030   6.947793e-284   1.631060e-001   1.000000e-030   1.000000e-030   5.917400e-001   4.716825e-054   1.001417e-015   1.186224e-100   1.678559e-003   8.013178e-002   3.606536e-152   1.633436e-001   1.000000e-030   1.000000e-030   1.000000e-030   1.000000e-030   1.000000e-030   1.000000e-030   1.000000e-030   1.000000e-030   
---------------Pi values----------------
1.000000e+000   0.000000e+000   0.000000e+000   0.000000e+000   0.000000e+000   
------------------------------------------------ opening file input/recordings/quora/rec_15.txt ------------------------------------------------
->obs seq:   31   32   24   32   11   32   30   14   19   19    8   23   14   14   20    8   18   17   19   19   19   19   17   17   21   21   21   17   23   22   14   17   14   17    9 
iteration: 2
-->pstar : 5.13032e-050
-->qstar : 1 1 1 1 1 1 1 2 2 2 2 2 2 2 2 2 2 2 2 2 2 2 2 2 2 2 2 2 2 2 2 2 2 2 3 
iteration: 3
-->pstar : 3.10633e-059
-->qstar : 1 1 1 1 1 1 1 2 2 2 2 2 2 2 2 2 2 2 2 2 2 2 2 2 2 2 2 3 3 3 3 3 3 3 3 
-------------------------------Final Model Lambda (Pi, A, B) after iterations 3--------------------------------
---------------A Matrix----------------
8.577732e-001   1.422268e-001   0.000000e+000   0.000000e+000   0.000000e+000   
0.000000e+000   9.543031e-001   4.569693e-002   0.000000e+000   0.000000e+000   
0.000000e+000   0.000000e+000   1.000000e+000   1.306391e-016   0.000000e+000   
0.000000e+000   0.000000e+000   0.000000e+000   8.589205e-001   1.410795e-001   
0.000000e+000   0.000000e+000   0.000000e+000   0.000000e+000   1.000000e+000   
---------------B Matrix----------------
1.000000e-030   1.000000e-030   1.000000e-030   1.000000e-030   1.000000e-030   1.000000e-030   1.000000e-030   5.773496e-071   1.000000e-030   1.000000e-030   1.422268e-001   1.000000e-030   1.000000e-030   1.427298e-002   1.000000e-030   1.000000e-030   1.000000e-030   5.991662e-274   4.890848e-017   2.286703e-153   1.000000e-030   1.000000e-030   1.949710e-110   1.422268e-001   1.000000e-030   1.000000e-030   1.000000e-030   1.000000e-030   1.000000e-030   1.323699e-001   1.422268e-001   4.266767e-001   
1.000000e-030   1.000000e-030   1.000000e-030   1.000000e-030   1.000000e-030   1.000000e-030   1.000000e-030   9.484663e-002   1.000000e-030   1.000000e-030   4.137351e-010   1.000000e-030   1.000000e-030   1.429546e-001   1.000000e-030   1.000000e-030   1.698197e-001   4.742332e-002   2.845399e-001   4.742332e-002   1.422699e-001   5.943497e-003   6.149134e-002   7.434921e-019   1.000000e-030   1.000000e-030   1.000000e-030   1.000000e-030   1.000000e-030   3.286619e-003   1.000000e-030   1.240479e-006   
1.000000e-030   1.000000e-030   1.000000e-030   1.000000e-030   1.000000e-030   1.000000e-030   1.000000e-030   1.462697e-026   1.000000e-030   1.000000e-030   7.748669e-114   1.000000e-030   1.000000e-030   3.204884e-001   1.000000e-030   1.000000e-030   4.112451e-001   5.816235e-026   1.076408e-025   1.693541e-026   2.155356e-007   1.486954e-001   1.195709e-001   1.576140e-196   1.000000e-030   1.000000e-030   1.000000e-030   1.000000e-030   1.000000e-030   9.251077e-050   1.000000e-030   1.326548e-073   
1.000000e-030   1.000000e-030   1.000000e-030   1.000000e-030   1.000000e-030   1.000000e-030   1.000000e-030   2.269139e-003   1.000000e-030   1.000000e-030   3.755939e-179   1.000000e-030   1.000000e-030   1.244244e-002   1.000000e-030   1.000000e-030   2.576657e-001   2.268874e-003   2.519688e-001   2.268874e-003   4.223462e-001   1.183458e-002   3.693526e-002   1.000000e-030   1.000000e-030   1.000000e-030   1.000000e-030   1.000000e-030   1.000000e-030   1.801406e-058   1.000000e-030   2.770116e-111   
1.000000e-030   1.000000e-030   1.000000e-030   1.000000e-030   1.000000e-030   1.000000e-030   1.000000e-030   5.864953e-063   1.000000e-030   1.000000e-030   1.000000e-030   1.000000e-030   1.000000e-030   3.246983e-001   1.000000e-030   1.000000e-030   3.984301e-001   4.390006e-045   5.884500e-013   5.201725e-101   1.479996e-003   1.526013e-001   1.227903e-001   1.000000e-030   1.000000e-030   1.000000e-030   1.000000e-030   1.000000e-030   1.000000e-030   1.000000e-030   1.000000e-030   1.000000e-030   
---------------Pi values----------------
1.000000e+000   0.000000e+000   0.000000e+000   0.000000e+000   0.000000e+000   
------------------------------------------------ opening file input/recordings/quora/rec_16.txt ------------------------------------------------
->obs seq:   11   12   12   11   23   12   11   11   13   20   23    8   23   13   23   19   18   17   23    8    8   22   21   21   21   19   23   17   17   17   17   22   24   24    9 
iteration: 2
-->pstar : 1.45405e-048
-->qstar : 1 1 1 1 1 1 1 1 2 2 2 2 2 2 2 2 2 2 2 2 2 2 2 2 2 3 3 3 3 3 3 3 3 3 3 
iteration: 3
-->pstar : 4.46798e-058
-->qstar : 1 1 1 1 1 1 1 1 2 2 2 2 2 2 2 2 2 2 2 2 2 2 2 2 2 2 2 3 3 3 3 3 3 3 3 
-------------------------------Final Model Lambda (Pi, A, B) after iterations 3--------------------------------
---------------A Matrix----------------
8.739079e-001   1.260921e-001   0.000000e+000   0.000000e+000   0.000000e+000   
0.000000e+000   9.474600e-001   5.254003e-002   0.000000e+000   0.000000e+000   
0.000000e+000   0.000000e+000   1.000000e+000   5.600628e-016   0.000000e+000   
0.000000e+000   0.000000e+000   0.000000e+000   8.186529e-001   1.813471e-001   
0.000000e+000   0.000000e+000   0.000000e+000   0.000000e+000   1.000000e+000   
---------------B Matrix----------------
1.000000e-030   1.000000e-030   1.000000e-030   1.000000e-030   1.000000e-030   1.000000e-030   1.000000e-030   1.510979e-026   1.000000e-030   1.000000e-030   4.956457e-001   3.782614e-001   1.050444e-005   1.000000e-030   1.000000e-030   1.000000e-030   3.922045e-194   1.917913e-126   2.535967e-065   1.737623e-009   1.000000e-030   1.000000e-030   1.260824e-001   1.000000e-030   1.000000e-030   1.000000e-030   1.000000e-030   1.000000e-030   1.000000e-030   1.000000e-030   1.000000e-030   1.000000e-030   
1.000000e-030   1.000000e-030   1.000000e-030   1.000000e-030   1.000000e-030   1.000000e-030   1.000000e-030   1.576329e-001   1.000000e-030   1.000000e-030   3.634839e-003   6.177906e-006   1.050842e-001   1.000000e-030   1.000000e-030   1.000000e-030   7.159262e-002   5.254430e-002   9.904393e-002   5.254430e-002   1.576329e-001   5.271042e-002   2.475589e-001   1.452616e-005   1.000000e-030   1.000000e-030   1.000000e-030   1.000000e-030   1.000000e-030   1.000000e-030   1.000000e-030   1.000000e-030   
1.000000e-030   1.000000e-030   1.000000e-030   1.000000e-030   1.000000e-030   1.000000e-030   1.000000e-030   1.244296e-023   1.000000e-030   1.000000e-030   6.205449e-053   1.270240e-100   1.916805e-026   1.000000e-030   1.000000e-030   1.000000e-030   5.168544e-001   1.657544e-024   1.634611e-002   1.051770e-031   5.029556e-008   1.416421e-001   4.101407e-002   2.841433e-001   1.000000e-030   1.000000e-030   1.000000e-030   1.000000e-030   1.000000e-030   1.000000e-030   1.000000e-030   1.000000e-030   
1.000000e-030   1.000000e-030   1.000000e-030   1.000000e-030   1.000000e-030   1.000000e-030   1.000000e-030   4.652480e-002   1.000000e-030   1.000000e-030   2.565225e-085   7.286203e-212   2.234345e-008   1.000000e-030   1.000000e-030   1.000000e-030   9.444781e-002   6.194710e-004   1.677768e-001   1.962800e-025   5.028426e-001   2.933759e-002   1.539782e-001   4.472751e-003   1.000000e-030   1.000000e-030   1.000000e-030   1.000000e-030   1.000000e-030   1.000000e-030   1.000000e-030   1.000000e-030   
1.000000e-030   1.000000e-030   1.000000e-030   1.000000e-030   1.000000e-030   1.000000e-030   1.000000e-030   1.471370e-029   1.000000e-030   1.000000e-030   1.000000e-030   1.000000e-030   6.898817e-088   1.000000e-030   1.000000e-030   1.000000e-030   5.172451e-001   4.218853e-060   5.849389e-005   5.405191e-183   3.794192e-009   1.500036e-001   2.320775e-002   3.094851e-001   1.000000e-030   1.000000e-030   1.000000e-030   1.000000e-030   1.000000e-030   1.000000e-030   1.000000e-030   1.000000e-030   
---------------Pi values----------------
1.000000e+000   0.000000e+000   0.000000e+000   0.000000e+000   0.000000e+000   
------------------------------------------------ opening file input/recordings/quora/rec_17.txt ------------------------------------------------
->obs seq:   12   24   30   11   12   12   12   13   13   13   13   13   13   13   13   18   17   18   19   14   19   19   18   17   17   17   17   17   17   14   17   14   24   24    9 
iteration: 2
-->pstar : 1.26675e-037
-->qstar : 1 1 1 1 1 1 1 2 3 3 3 3 3 3 3 3 3 3 3 3 3 3 3 3 3 3 3 3 3 3 3 3 3 3 3 
iteration: 3
-->pstar : 3.40276e-054
-->qstar : 1 1 1 1 1 1 1 2 2 2 2 2 2 2 2 3 3 3 3 3 3 3 3 3 3 3 3 3 3 3 3 3 3 3 3 
-------------------------------Final Model Lambda (Pi, A, B) after iterations 3--------------------------------
---------------A Matrix----------------
8.360009e-001   1.639991e-001   0.000000e+000   0.000000e+000   0.000000e+000   
0.000000e+000   8.451759e-001   1.548241e-001   0.000000e+000   0.000000e+000   
0.000000e+000   0.000000e+000   1.000000e+000   1.819475e-020   0.000000e+000   
0.000000e+000   0.000000e+000   0.000000e+000   8.585560e-001   1.414440e-001   
0.000000e+000   0.000000e+000   0.000000e+000   0.000000e+000   1.000000e+000   
---------------B Matrix----------------
1.000000e-030   1.000000e-030   1.000000e-030   1.000000e-030   1.000000e-030   1.000000e-030   1.000000e-030   1.000000e-030   1.000000e-030   1.000000e-030   1.626676e-001   5.093793e-001   2.707736e-007   1.000000e-030   1.000000e-030   1.000000e-030   1.127940e-191   5.320371e-117   1.000000e-030   1.000000e-030   1.000000e-030   1.000000e-030   1.000000e-030   1.639983e-001   1.000000e-030   1.000000e-030   1.000000e-030   1.000000e-030   1.000000e-030   1.639546e-001   1.000000e-030   1.000000e-030   
1.000000e-030   1.000000e-030   1.000000e-030   1.000000e-030   1.000000e-030   1.000000e-030   1.000000e-030   1.000000e-030   1.000000e-030   1.000000e-030   1.256993e-003   1.384145e-001   8.602799e-001   6.129257e-026   1.000000e-030   1.000000e-030   1.870510e-010   5.939619e-006   6.158867e-020   1.000000e-030   1.000000e-030   1.000000e-030   1.000000e-030   7.552230e-007   1.000000e-030   1.000000e-030   1.000000e-030   1.000000e-030   1.000000e-030   4.197238e-005   1.000000e-030   1.000000e-030   
1.000000e-030   1.000000e-030   1.000000e-030   1.000000e-030   1.000000e-030   1.000000e-030   1.000000e-030   1.000000e-030   1.000000e-030   1.000000e-030   3.277375e-062   1.272037e-012   1.139508e-001   1.399028e-001   1.000000e-030   1.000000e-030   3.730741e-001   1.399010e-001   1.399028e-001   1.000000e-030   1.000000e-030   1.000000e-030   1.000000e-030   9.326853e-002   1.000000e-030   1.000000e-030   1.000000e-030   1.000000e-030   1.000000e-030   3.479819e-106   1.000000e-030   1.000000e-030   
1.000000e-030   1.000000e-030   1.000000e-030   1.000000e-030   1.000000e-030   1.000000e-030   1.000000e-030   1.000000e-030   1.000000e-030   1.000000e-030   1.000000e-030   8.598275e-082   1.025555e-004   1.277921e-001   1.000000e-030   1.000000e-030   2.015238e-001   2.769431e-001   3.936301e-001   1.000000e-030   1.000000e-030   1.000000e-030   1.000000e-030   8.324100e-006   1.000000e-030   1.000000e-030   1.000000e-030   1.000000e-030   1.000000e-030   1.000000e-030   1.000000e-030   1.000000e-030   
1.000000e-030   1.000000e-030   1.000000e-030   1.000000e-030   1.000000e-030   1.000000e-030   1.000000e-030   1.000000e-030   1.000000e-030   1.000000e-030   1.000000e-030   5.040873e-273   4.530631e-036   1.984794e-001   1.000000e-030   1.000000e-030   6.017136e-001   5.980073e-004   4.216704e-008   1.000000e-030   1.000000e-030   1.000000e-030   1.000000e-030   1.992089e-001   1.000000e-030   1.000000e-030   1.000000e-030   1.000000e-030   1.000000e-030   1.000000e-030   1.000000e-030   1.000000e-030   
---------------Pi values----------------
1.000000e+000   0.000000e+000   0.000000e+000   0.000000e+000   0.000000e+000   
------------------------------------------------ opening file input/recordings/quora/rec_18.txt ------------------------------------------------
->obs seq:   10   11   10   10   10   10   10   10   13   13    7    9   13   13   13   18   17   22   20   19   19   21   21   21   21   18   17   21   17   17   17   17   24   24    9 
iteration: 2
-->pstar : 5.78553e-052
-->qstar : 1 1 1 1 1 1 1 1 2 2 2 2 2 2 2 2 2 2 2 2 2 2 2 2 2 2 2 2 2 2 2 2 3 3 3 
iteration: 3
-->pstar : 1.48537e-029
-->qstar : 1 1 1 1 1 1 1 1 2 2 2 2 2 2 2 2 2 2 2 2 2 2 2 2 2 2 2 2 2 2 2 2 2 2 2 
iteration: 4
-->pstar : 4.30054e-028
-->qstar : 1 1 1 1 1 1 1 1 2 2 2 2 2 2 2 2 2 2 2 2 2 2 2 2 2 2 2 2 2 2 2 2 2 2 2 
iteration: 5
-->pstar : 4.38518e-028
-->qstar : 1 1 1 1 1 1 1 1 2 2 2 2 2 2 2 2 2 2 2 2 2 2 2 2 2 2 2 2 2 2 2 2 2 2 2 
iteration: 6
-->pstar : 4.3895e-028
-->qstar : 1 1 1 1 1 1 1 1 2 2 2 2 2 2 2 2 2 2 2 2 2 2 2 2 2 2 2 2 2 2 2 2 2 2 2 
iteration: 7
-->pstar : 4.38973e-028
-->qstar : 1 1 1 1 1 1 1 1 2 2 2 2 2 2 2 2 2 2 2 2 2 2 2 2 2 2 2 2 2 2 2 2 2 2 2 
iteration: 8
-->pstar : 4.38974e-028
-->qstar : 1 1 1 1 1 1 1 1 2 2 2 2 2 2 2 2 2 2 2 2 2 2 2 2 2 2 2 2 2 2 2 2 2 2 2 
iteration: 9
-->pstar : 4.38975e-028
-->qstar : 1 1 1 1 1 1 1 1 2 2 2 2 2 2 2 2 2 2 2 2 2 2 2 2 2 2 2 2 2 2 2 2 2 2 2 
iteration: 10
-->pstar : 4.38975e-028
-->qstar : 1 1 1 1 1 1 1 1 2 2 2 2 2 2 2 2 2 2 2 2 2 2 2 2 2 2 2 2 2 2 2 2 2 2 2 
iteration: 11
-->pstar : 4.38975e-028
-->qstar : 1 1 1 1 1 1 1 1 2 2 2 2 2 2 2 2 2 2 2 2 2 2 2 2 2 2 2 2 2 2 2 2 2 2 2 
iteration: 12
-->pstar : 4.38975e-028
-->qstar : 1 1 1 1 1 1 1 1 2 2 2 2 2 2 2 2 2 2 2 2 2 2 2 2 2 2 2 2 2 2 2 2 2 2 2 
iteration: 13
-->pstar : 4.38975e-028
-->qstar : 1 1 1 1 1 1 1 1 2 2 2 2 2 2 2 2 2 2 2 2 2 2 2 2 2 2 2 2 2 2 2 2 2 2 2 
iteration: 14
-->pstar : 4.38975e-028
-->qstar : 1 1 1 1 1 1 1 1 2 2 2 2 2 2 2 2 2 2 2 2 2 2 2 2 2 2 2 2 2 2 2 2 2 2 2 
iteration: 15
-->pstar : 4.38975e-028
-->qstar : 1 1 1 1 1 1 1 1 2 2 2 2 2 2 2 2 2 2 2 2 2 2 2 2 2 2 2 2 2 2 2 2 2 2 2 
iteration: 16
-->pstar : 0
-->qstar : 0 0 0 0 0 0 0 0 0 0 0 0 0 0 0 0 0 0 0 0 0 0 0 0 0 0 0 0 0 0 0 0 0 0 2 
-------------------------------Final Model Lambda (Pi, A, B) after iterations 16--------------------------------
---------------A Matrix----------------
-1.#IND00e+000   -1.#IND00e+000   -1.#IND00e+000   -1.#IND00e+000   -1.#IND00e+000   
-1.#IND00e+000   -1.#IND00e+000   -1.#IND00e+000   -1.#IND00e+000   -1.#IND00e+000   
-1.#IND00e+000   -1.#IND00e+000   -1.#IND00e+000   -1.#IND00e+000   -1.#IND00e+000   
-1.#IND00e+000   -1.#IND00e+000   -1.#IND00e+000   -1.#IND00e+000   -1.#IND00e+000   
-1.#IND00e+000   -1.#IND00e+000   -1.#IND00e+000   -1.#IND00e+000   -1.#IND00e+000   
---------------B Matrix----------------
-1.#IND00e+000   -1.#IND00e+000   -1.#IND00e+000   -1.#IND00e+000   -1.#IND00e+000   -1.#IND00e+000   -1.#IND00e+000   -1.#IND00e+000   -1.#IND00e+000   -1.#IND00e+000   -1.#IND00e+000   -1.#IND00e+000   -1.#IND00e+000   -1.#IND00e+000   -1.#IND00e+000   -1.#IND00e+000   -1.#IND00e+000   -1.#IND00e+000   -1.#IND00e+000   -1.#IND00e+000   -1.#IND00e+000   -1.#IND00e+000   -1.#IND00e+000   -1.#IND00e+000   -1.#IND00e+000   -1.#IND00e+000   -1.#IND00e+000   -1.#IND00e+000   -1.#IND00e+000   -1.#IND00e+000   -1.#IND00e+000   -1.#IND00e+000   
-1.#IND00e+000   -1.#IND00e+000   -1.#IND00e+000   -1.#IND00e+000   -1.#IND00e+000   -1.#IND00e+000   -1.#IND00e+000   -1.#IND00e+000   -1.#IND00e+000   -1.#IND00e+000   -1.#IND00e+000   -1.#IND00e+000   -1.#IND00e+000   -1.#IND00e+000   -1.#IND00e+000   -1.#IND00e+000   -1.#IND00e+000   -1.#IND00e+000   -1.#IND00e+000   -1.#IND00e+000   -1.#IND00e+000   -1.#IND00e+000   -1.#IND00e+000   -1.#IND00e+000   -1.#IND00e+000   -1.#IND00e+000   -1.#IND00e+000   -1.#IND00e+000   -1.#IND00e+000   -1.#IND00e+000   -1.#IND00e+000   -1.#IND00e+000   
-1.#IND00e+000   -1.#IND00e+000   -1.#IND00e+000   -1.#IND00e+000   -1.#IND00e+000   -1.#IND00e+000   -1.#IND00e+000   -1.#IND00e+000   -1.#IND00e+000   -1.#IND00e+000   -1.#IND00e+000   -1.#IND00e+000   -1.#IND00e+000   -1.#IND00e+000   -1.#IND00e+000   -1.#IND00e+000   -1.#IND00e+000   -1.#IND00e+000   -1.#IND00e+000   -1.#IND00e+000   -1.#IND00e+000   -1.#IND00e+000   -1.#IND00e+000   -1.#IND00e+000   -1.#IND00e+000   -1.#IND00e+000   -1.#IND00e+000   -1.#IND00e+000   -1.#IND00e+000   -1.#IND00e+000   -1.#IND00e+000   -1.#IND00e+000   
-1.#IND00e+000   -1.#IND00e+000   -1.#IND00e+000   -1.#IND00e+000   -1.#IND00e+000   -1.#IND00e+000   -1.#IND00e+000   -1.#IND00e+000   -1.#IND00e+000   -1.#IND00e+000   -1.#IND00e+000   -1.#IND00e+000   -1.#IND00e+000   -1.#IND00e+000   -1.#IND00e+000   -1.#IND00e+000   -1.#IND00e+000   -1.#IND00e+000   -1.#IND00e+000   -1.#IND00e+000   -1.#IND00e+000   -1.#IND00e+000   -1.#IND00e+000   -1.#IND00e+000   -1.#IND00e+000   -1.#IND00e+000   -1.#IND00e+000   -1.#IND00e+000   -1.#IND00e+000   -1.#IND00e+000   -1.#IND00e+000   -1.#IND00e+000   
-1.#IND00e+000   -1.#IND00e+000   -1.#IND00e+000   -1.#IND00e+000   -1.#IND00e+000   -1.#IND00e+000   -1.#IND00e+000   -1.#IND00e+000   -1.#IND00e+000   -1.#IND00e+000   -1.#IND00e+000   -1.#IND00e+000   -1.#IND00e+000   -1.#IND00e+000   -1.#IND00e+000   -1.#IND00e+000   -1.#IND00e+000   -1.#IND00e+000   -1.#IND00e+000   -1.#IND00e+000   -1.#IND00e+000   -1.#IND00e+000   -1.#IND00e+000   -1.#IND00e+000   -1.#IND00e+000   -1.#IND00e+000   -1.#IND00e+000   -1.#IND00e+000   -1.#IND00e+000   -1.#IND00e+000   -1.#IND00e+000   -1.#IND00e+000   
---------------Pi values----------------
-1.#IND00e+000   -1.#IND00e+000   -1.#IND00e+000   -1.#IND00e+000   -1.#IND00e+000   
------------------------------------------------ opening file input/recordings/quora/rec_19.txt ------------------------------------------------
->obs seq:   11   32   31   20   11   32   12   17   20   23    8   19   13   13   18   18   17   19   19   19   19   21   21   21   21   21   18   17   17   14   17   17   24   22    9 
iteration: 2
-->pstar : 2.82969e-051
-->qstar : 1 1 1 1 1 1 1 2 2 2 2 2 2 2 2 2 2 2 2 2 2 2 2 2 2 2 3 3 3 3 3 3 3 3 3 
iteration: 3
-->pstar : 5.70997e-059
-->qstar : 1 1 1 1 1 1 1 2 2 2 2 2 2 2 2 2 2 2 2 2 2 2 2 2 2 2 3 3 3 3 3 3 3 3 3 
-------------------------------Final Model Lambda (Pi, A, B) after iterations 3--------------------------------
---------------A Matrix----------------
8.541043e-001   1.458957e-001   0.000000e+000   0.000000e+000   0.000000e+000   
0.000000e+000   9.495264e-001   5.047363e-002   0.000000e+000   0.000000e+000   
0.000000e+000   0.000000e+000   1.000000e+000   6.530328e-012   0.000000e+000   
0.000000e+000   0.000000e+000   0.000000e+000   9.063789e-001   9.362108e-002   
0.000000e+000   0.000000e+000   0.000000e+000   0.000000e+000   1.000000e+000   
---------------B Matrix----------------
1.000000e-030   1.000000e-030   1.000000e-030   1.000000e-030   1.000000e-030   1.000000e-030   1.000000e-030   1.537832e-033   1.000000e-030   1.000000e-030   2.917913e-001   1.246633e-001   3.972919e-104   1.000000e-030   1.000000e-030   1.000000e-030   1.332705e-007   2.314263e-210   7.315971e-067   1.458957e-001   1.000000e-030   1.000000e-030   2.880852e-014   1.000000e-030   1.000000e-030   1.000000e-030   1.000000e-030   1.000000e-030   1.000000e-030   1.000000e-030   1.458957e-001   2.917539e-001   
1.000000e-030   1.000000e-030   1.000000e-030   1.000000e-030   1.000000e-030   1.000000e-030   1.000000e-030   5.047364e-002   1.000000e-030   1.000000e-030   1.901185e-008   7.345498e-003   1.009473e-001   5.803108e-005   1.000000e-030   1.000000e-030   1.080412e-001   1.274377e-001   2.523682e-001   5.047361e-002   2.523681e-001   1.585295e-008   5.047364e-002   6.477075e-008   1.000000e-030   1.000000e-030   1.000000e-030   1.000000e-030   1.000000e-030   1.000000e-030   1.307124e-012   1.293888e-005   
1.000000e-030   1.000000e-030   1.000000e-030   1.000000e-030   1.000000e-030   1.000000e-030   1.000000e-030   8.320018e-028   1.000000e-030   1.000000e-030   2.808438e-118   1.730232e-054   1.759709e-022   1.362044e-001   1.000000e-030   1.000000e-030   5.262794e-001   6.479375e-002   5.715584e-023   8.666526e-037   2.566523e-007   1.363611e-001   9.566962e-032   1.363610e-001   1.000000e-030   1.000000e-030   1.000000e-030   1.000000e-030   1.000000e-030   1.000000e-030   3.405820e-172   7.097232e-084   
1.000000e-030   1.000000e-030   1.000000e-030   1.000000e-030   1.000000e-030   1.000000e-030   1.000000e-030   1.622714e-021   1.000000e-030   1.000000e-030   2.502415e-247   2.478782e-099   2.152239e-015   2.234316e-003   1.000000e-030   1.000000e-030   6.692928e-002   9.796556e-002   3.697453e-001   1.643991e-022   4.621789e-001   7.299790e-004   1.644123e-022   2.166754e-004   1.000000e-030   1.000000e-030   1.000000e-030   1.000000e-030   1.000000e-030   1.000000e-030   1.000000e-030   7.096864e-176   
1.000000e-030   1.000000e-030   1.000000e-030   1.000000e-030   1.000000e-030   1.000000e-030   1.000000e-030   7.935578e-149   1.000000e-030   1.000000e-030   1.000000e-030   1.000000e-030   7.617729e-092   1.485305e-001   1.000000e-030   1.000000e-030   5.410742e-001   4.426766e-003   1.441215e-027   3.262640e-248   4.681090e-006   1.530554e-001   4.826934e-174   1.529084e-001   1.000000e-030   1.000000e-030   1.000000e-030   1.000000e-030   1.000000e-030   1.000000e-030   1.000000e-030   1.000000e-030   
---------------Pi values----------------
1.000000e+000   0.000000e+000   0.000000e+000   0.000000e+000   0.000000e+000   
------------------------------------------------ opening file input/recordings/quora/rec_20.txt ------------------------------------------------
->obs seq:   30   10   23   11   32   11   11   14   13   19    8    8   13   14   13   19   18   18   18   20   19   21   21   21   21   21   17   13   17   24   14   24   14   22    9 
iteration: 2
-->pstar : 7.14017e-051
-->qstar : 1 1 1 1 1 1 1 2 2 2 2 2 2 2 2 2 2 2 2 2 2 2 2 2 2 2 2 3 3 3 3 3 3 3 3 
iteration: 3
-->pstar : 3.38243e-060
-->qstar : 1 1 1 1 1 1 1 2 2 2 2 2 2 2 2 2 2 2 2 2 2 2 2 2 2 2 3 3 3 3 3 3 3 3 3 
-------------------------------Final Model Lambda (Pi, A, B) after iterations 3--------------------------------
---------------A Matrix----------------
8.587671e-001   1.412329e-001   0.000000e+000   0.000000e+000   0.000000e+000   
0.000000e+000   9.502626e-001   4.973739e-002   0.000000e+000   0.000000e+000   
0.000000e+000   0.000000e+000   1.000000e+000   8.161197e-015   0.000000e+000   
0.000000e+000   0.000000e+000   0.000000e+000   9.134283e-001   8.657166e-002   
0.000000e+000   0.000000e+000   0.000000e+000   0.000000e+000   1.000000e+000   
---------------B Matrix----------------
1.000000e-030   1.000000e-030   1.000000e-030   1.000000e-030   1.000000e-030   1.000000e-030   1.000000e-030   1.589343e-057   1.000000e-030   1.412329e-001   4.167468e-001   1.000000e-030   8.820358e-008   1.832195e-002   1.000000e-030   1.000000e-030   1.000000e-030   8.695635e-213   2.280307e-026   1.000000e-030   1.000000e-030   1.000000e-030   1.412329e-001   1.000000e-030   1.000000e-030   1.000000e-030   1.000000e-030   1.000000e-030   1.000000e-030   1.412329e-001   1.000000e-030   1.412326e-001   
1.000000e-030   1.000000e-030   1.000000e-030   1.000000e-030   1.000000e-030   1.000000e-030   1.000000e-030   9.948615e-002   1.000000e-030   5.277134e-018   2.448473e-003   1.000000e-030   1.708006e-001   9.326433e-002   1.000000e-030   1.000000e-030   3.625474e-002   1.492292e-001   1.492292e-001   4.974308e-002   2.487154e-001   5.932426e-006   3.163351e-013   8.227996e-004   1.000000e-030   1.000000e-030   1.000000e-030   1.000000e-030   1.000000e-030   1.000000e-030   1.000000e-030   7.699989e-008   
1.000000e-030   1.000000e-030   1.000000e-030   1.000000e-030   1.000000e-030   1.000000e-030   1.000000e-030   6.319142e-028   1.000000e-030   1.000000e-030   1.023921e-049   1.000000e-030   8.308793e-002   2.927367e-001   1.000000e-030   1.000000e-030   1.864912e-001   9.348992e-027   7.596818e-027   3.910390e-027   8.589827e-008   1.466919e-001   2.752646e-185   2.909921e-001   1.000000e-030   1.000000e-030   1.000000e-030   1.000000e-030   1.000000e-030   1.000000e-030   1.000000e-030   1.060109e-111   
1.000000e-030   1.000000e-030   1.000000e-030   1.000000e-030   1.000000e-030   1.000000e-030   1.000000e-030   1.965455e-013   1.000000e-030   1.000000e-030   4.071558e-087   1.000000e-030   3.749643e-002   1.001755e-003   1.000000e-030   1.000000e-030   4.154575e-002   2.503153e-001   1.668768e-001   8.343842e-002   4.167682e-001   1.607701e-003   1.000000e-030   9.496985e-004   1.000000e-030   1.000000e-030   1.000000e-030   1.000000e-030   1.000000e-030   1.000000e-030   1.000000e-030   2.181228e-238   
1.000000e-030   1.000000e-030   1.000000e-030   1.000000e-030   1.000000e-030   1.000000e-030   1.000000e-030   1.998953e-194   1.000000e-030   1.000000e-030   1.000000e-030   1.000000e-030   1.121529e-001   2.739112e-001   1.000000e-030   1.000000e-030   2.030746e-001   2.073514e-078   1.477124e-020   9.180218e-049   6.775227e-004   1.376821e-001   1.000000e-030   2.725017e-001   1.000000e-030   1.000000e-030   1.000000e-030   1.000000e-030   1.000000e-030   1.000000e-030   1.000000e-030   1.000000e-030   
---------------Pi values----------------
1.000000e+000   0.000000e+000   0.000000e+000   0.000000e+000   0.000000e+000   