
------------------------------------------------> Word quora <------------------------------------------------

------------------------------------------------ opening file input/recordings/quora/rec_1.txt ------------------------------------------------
->obs seq:   32   32    9    9   12   11   10   17   17   13   13   13   13   13   13   17   17   22   19   19   19   18   17   17   17   18   17   17   17   17   17   24   17   24    9 
iteration: 2
-->pstar : 3.34096e-056
-->qstar : 1 2 3 4 5 5 5 5 5 5 5 5 5 5 5 5 5 5 5 5 5 5 5 5 5 5 5 5 5 5 5 5 5 5 5 
iteration: 3
-->pstar : 1.38622e-031
-->qstar : 1 1 1 1 2 2 2 3 3 3 3 3 3 3 3 4 4 4 4 4 4 4 4 4 4 4 4 4 4 4 4 4 4 4 4 
iteration: 4
-->pstar : 1.41363e-031
-->qstar : 1 1 1 1 2 2 2 3 3 3 3 3 3 3 3 4 4 4 4 4 4 4 4 4 4 4 4 4 4 4 4 4 4 4 4 
iteration: 5
-->pstar : 2.7318e-051
-->qstar : 1 1 1 1 2 2 2 3 3 3 3 3 3 3 3 3 3 3 3 3 3 3 3 3 3 3 3 3 3 3 3 3 3 3 3 
-------------------------------Final Model Lambda (Pi, A, B) after iterations 5--------------------------------
---------------A Matrix----------------
7.739764e-001   2.260236e-001   0.000000e+000   0.000000e+000   0.000000e+000   
0.000000e+000   7.163858e-001   2.836142e-001   0.000000e+000   0.000000e+000   
0.000000e+000   0.000000e+000   9.999998e-001   1.727611e-007   0.000000e+000   
0.000000e+000   0.000000e+000   0.000000e+000   1.000000e+000   5.458852e-036   
0.000000e+000   0.000000e+000   0.000000e+000   0.000000e+000   1.000000e+000   
---------------B Matrix----------------
1.000000e-030   1.000000e-030   1.000000e-030   1.000000e-030   1.000000e-030   1.000000e-030   1.000000e-030   1.000000e-030   4.390670e-001   5.128250e-005   1.021770e-002   9.861693e-002   5.706979e-024   1.000000e-030   1.000000e-030   1.000000e-030   3.544357e-009   1.000000e-030   6.643168e-174   1.000000e-030   1.000000e-030   1.399725e-125   1.000000e-030   1.000000e-030   1.000000e-030   1.000000e-030   1.000000e-030   1.000000e-030   1.000000e-030   1.000000e-030   1.000000e-030   4.520471e-001   
1.000000e-030   1.000000e-030   1.000000e-030   1.000000e-030   1.000000e-030   1.000000e-030   1.000000e-030   1.000000e-030   1.628763e-002   2.806401e-001   2.707914e-001   1.598698e-001   3.465878e-003   1.000000e-030   1.000000e-030   1.000000e-030   2.689451e-001   4.588922e-060   8.684921e-026   1.000000e-030   1.000000e-030   9.223854e-017   1.000000e-030   1.590839e-103   1.000000e-030   1.000000e-030   1.000000e-030   1.000000e-030   1.000000e-030   1.000000e-030   1.000000e-030   1.100662e-007   
1.000000e-030   1.000000e-030   1.000000e-030   1.000000e-030   1.000000e-030   1.000000e-030   1.000000e-030   1.000000e-030   2.695842e-023   3.938443e-004   2.157660e-007   8.603817e-014   2.298600e-001   1.000000e-030   1.000000e-030   1.000000e-030   4.626419e-001   7.677602e-002   1.151640e-001   1.000000e-030   1.000000e-030   3.838801e-002   1.000000e-030   7.677602e-002   1.000000e-030   1.000000e-030   1.000000e-030   1.000000e-030   1.000000e-030   1.000000e-030   1.000000e-030   1.000000e-030   
1.000000e-030   1.000000e-030   1.000000e-030   1.000000e-030   1.000000e-030   1.000000e-030   1.000000e-030   1.000000e-030   1.135769e-117   8.163313e-029   5.107823e-049   6.583647e-078   2.548021e-004   1.000000e-030   1.000000e-030   1.000000e-030   5.696779e-001   1.078077e-001   1.616701e-001   1.000000e-030   1.000000e-030   5.278180e-002   1.000000e-030   1.078077e-001   1.000000e-030   1.000000e-030   1.000000e-030   1.000000e-030   1.000000e-030   1.000000e-030   1.000000e-030   1.000000e-030   
1.000000e-030   1.000000e-030   1.000000e-030   1.000000e-030   1.000000e-030   1.000000e-030   1.000000e-030   1.000000e-030   1.000000e-030   2.024101e-091   6.003523e-149   2.881126e-230   7.609633e-013   1.000000e-030   1.000000e-030   1.000000e-030   6.897720e-001   8.328051e-002   7.804826e-003   1.000000e-030   1.000000e-030   6.180394e-005   1.000000e-030   2.190808e-001   1.000000e-030   1.000000e-030   1.000000e-030   1.000000e-030   1.000000e-030   1.000000e-030   1.000000e-030   1.000000e-030   
---------------Pi values----------------
1.000000e+000   0.000000e+000   0.000000e+000   0.000000e+000   0.000000e+000   
------------------------------------------------ opening file input/recordings/quora/rec_2.txt ------------------------------------------------
->obs seq:   12   11   10   21   30   23   24   17   13   13   13   13   13   13   17   17   17   19   18   19   17   17   17   17   17   17   17   17   17   14   17   24   24   24    9 
iteration: 2
-->pstar : 3.34096e-056
-->qstar : 1 2 3 4 5 5 5 5 5 5 5 5 5 5 5 5 5 5 5 5 5 5 5 5 5 5 5 5 5 5 5 5 5 5 5 
iteration: 3
-->pstar : 1.44261e-054
-->qstar : 1 1 1 1 2 2 2 3 3 3 3 3 3 4 5 5 5 5 5 5 5 5 5 5 5 5 5 5 5 5 5 5 5 5 5 
iteration: 4
-->pstar : 2.16561e-050
-->qstar : 1 1 1 1 2 2 2 3 3 3 3 3 3 3 4 4 4 4 4 4 5 5 5 5 5 5 5 5 5 5 5 5 5 5 5 
iteration: 5
-->pstar : 1.87106e-048
-->qstar : 1 1 1 1 2 2 2 3 3 3 3 3 3 3 4 4 4 4 4 4 5 5 5 5 5 5 5 5 5 5 5 5 5 5 5 
iteration: 6
-->pstar : 6.70387e-048
-->qstar : 1 1 1 1 2 2 2 3 3 3 3 3 3 3 4 4 4 4 4 4 5 5 5 5 5 5 5 5 5 5 5 5 5 5 5 
iteration: 7
-->pstar : 7.03998e-048
-->qstar : 1 1 1 1 2 2 2 3 3 3 3 3 3 3 4 4 4 4 4 4 5 5 5 5 5 5 5 5 5 5 5 5 5 5 5 
iteration: 8
-->pstar : 5.60659e-048
-->qstar : 1 1 1 1 2 2 2 3 3 3 3 3 3 3 4 4 4 4 4 4 5 5 5 5 5 5 5 5 5 5 5 5 5 5 5 
-------------------------------Final Model Lambda (Pi, A, B) after iterations 8--------------------------------
---------------A Matrix----------------
7.505653e-001   2.494347e-001   0.000000e+000   0.000000e+000   0.000000e+000   
0.000000e+000   7.128545e-001   2.871455e-001   0.000000e+000   0.000000e+000   
0.000000e+000   0.000000e+000   8.506801e-001   1.493199e-001   0.000000e+000   
0.000000e+000   0.000000e+000   0.000000e+000   9.006189e-001   9.938108e-002   
0.000000e+000   0.000000e+000   0.000000e+000   0.000000e+000   1.000000e+000   
---------------B Matrix----------------
1.000000e-030   1.000000e-030   1.000000e-030   1.000000e-030   1.000000e-030   1.000000e-030   1.000000e-030   1.000000e-030   1.000000e-030   2.494283e-001   2.494347e-001   2.494347e-001   2.904280e-122   1.000000e-030   1.000000e-030   1.000000e-030   1.950694e-052   1.000000e-030   1.000000e-030   1.000000e-030   2.162092e-001   1.000000e-030   1.998539e-005   1.239841e-016   1.000000e-030   1.000000e-030   1.000000e-030   1.000000e-030   1.000000e-030   3.547316e-002   1.000000e-030   1.000000e-030   
1.000000e-030   1.000000e-030   1.000000e-030   1.000000e-030   1.000000e-030   1.000000e-030   1.000000e-030   1.000000e-030   1.000000e-030   7.283596e-006   9.847923e-018   1.000000e-030   1.769782e-005   1.000000e-030   1.000000e-030   1.000000e-030   1.415712e-001   1.497357e-276   9.400393e-136   1.000000e-030   3.824872e-002   1.000000e-030   2.871225e-001   2.867234e-001   1.000000e-030   1.000000e-030   1.000000e-030   1.000000e-030   1.000000e-030   2.463093e-001   1.000000e-030   1.000000e-030   
1.000000e-030   1.000000e-030   1.000000e-030   1.000000e-030   1.000000e-030   1.000000e-030   1.000000e-030   1.000000e-030   1.000000e-030   1.069351e-252   1.000000e-030   1.000000e-030   8.958981e-001   9.316569e-158   1.000000e-030   1.000000e-030   1.038824e-001   2.779887e-038   1.151163e-013   1.000000e-030   1.755524e-105   1.000000e-030   2.212603e-013   2.194976e-004   1.000000e-030   1.000000e-030   1.000000e-030   1.000000e-030   1.000000e-030   1.179871e-039   1.000000e-030   1.000000e-030   
1.000000e-030   1.000000e-030   1.000000e-030   1.000000e-030   1.000000e-030   1.000000e-030   1.000000e-030   1.000000e-030   1.000000e-030   1.000000e-030   1.000000e-030   1.000000e-030   8.164510e-006   1.304588e-010   1.000000e-030   1.000000e-030   7.018503e-001   9.938108e-002   1.987605e-001   1.000000e-030   1.000000e-030   1.000000e-030   2.165282e-205   1.626311e-041   1.000000e-030   1.000000e-030   1.000000e-030   1.000000e-030   1.000000e-030   1.000000e-030   1.000000e-030   1.000000e-030   
1.000000e-030   1.000000e-030   1.000000e-030   1.000000e-030   1.000000e-030   1.000000e-030   1.000000e-030   1.000000e-030   1.000000e-030   1.000000e-030   1.000000e-030   1.000000e-030   6.706701e-057   1.025739e-001   1.000000e-030   1.000000e-030   5.897028e-001   9.297727e-015   1.725759e-006   1.000000e-030   1.000000e-030   1.000000e-030   1.000000e-030   3.077216e-001   1.000000e-030   1.000000e-030   1.000000e-030   1.000000e-030   1.000000e-030   1.000000e-030   1.000000e-030   1.000000e-030   
---------------Pi values----------------
1.000000e+000   0.000000e+000   0.000000e+000   0.000000e+000   0.000000e+000   
------------------------------------------------ opening file input/recordings/quora/rec_3.txt ------------------------------------------------
->obs seq:   30   12   32   11   11   12   30   11   13   14   20   14    4   13   13   13   17   17   19   30    8    8   21   21   21   17   19   17   24   17   17   14   22   24    9 
iteration: 2
-->pstar : 3.34096e-056
-->qstar : 1 2 3 4 5 5 5 5 5 5 5 5 5 5 5 5 5 5 5 5 5 5 5 5 5 5 5 5 5 5 5 5 5 5 5 
iteration: 3
-->pstar : 1.70464e-062
-->qstar : 1 1 1 1 1 1 1 2 3 3 3 3 3 3 3 4 5 5 5 5 5 5 5 5 5 5 5 5 5 5 5 5 5 5 5 
-------------------------------Final Model Lambda (Pi, A, B) after iterations 3--------------------------------
---------------A Matrix----------------
8.379687e-001   1.620313e-001   0.000000e+000   0.000000e+000   0.000000e+000   
0.000000e+000   7.278321e-001   2.721679e-001   0.000000e+000   0.000000e+000   
0.000000e+000   0.000000e+000   7.702154e-001   2.297846e-001   0.000000e+000   
0.000000e+000   0.000000e+000   0.000000e+000   7.703894e-001   2.296106e-001   
0.000000e+000   0.000000e+000   0.000000e+000   0.000000e+000   1.000000e+000   
---------------B Matrix----------------
1.000000e-030   1.000000e-030   1.000000e-030   2.011037e-005   1.000000e-030   1.000000e-030   1.000000e-030   6.068562e-014   1.000000e-030   1.000000e-030   3.073094e-001   2.711401e-001   1.155297e-002   3.074251e-003   1.000000e-030   1.000000e-030   1.778645e-009   1.000000e-030   9.028236e-012   6.688547e-004   2.478506e-017   5.655426e-032   1.000000e-030   2.451147e-027   1.000000e-030   1.000000e-030   1.000000e-030   1.000000e-030   1.000000e-030   2.547762e-001   1.000000e-030   1.514582e-001   
1.000000e-030   1.000000e-030   1.000000e-030   2.916092e-002   1.000000e-030   1.000000e-030   1.000000e-030   1.462866e-006   1.000000e-030   1.000000e-030   2.751688e-001   8.605618e-002   1.975927e-001   1.942808e-001   1.000000e-030   1.000000e-030   5.297898e-004   1.000000e-030   2.901830e-005   9.397228e-002   1.969922e-008   5.480623e-017   1.000000e-030   2.854851e-014   1.000000e-030   1.000000e-030   1.000000e-030   1.000000e-030   1.000000e-030   1.054539e-001   1.000000e-030   1.775418e-002   
1.000000e-030   1.000000e-030   1.000000e-030   1.514187e-001   1.000000e-030   1.000000e-030   1.000000e-030   2.856199e-003   1.000000e-030   1.000000e-030   2.106709e-002   2.394941e-003   3.544123e-001   2.581416e-001   1.000000e-030   1.000000e-030   4.819929e-002   1.000000e-030   9.459509e-003   1.369349e-001   3.126437e-004   1.478745e-009   1.000000e-030   1.013528e-007   1.000000e-030   1.000000e-030   1.000000e-030   1.000000e-030   1.000000e-030   1.479796e-002   1.000000e-030   4.737117e-006   
1.000000e-030   1.000000e-030   1.000000e-030   5.335293e-002   1.000000e-030   1.000000e-030   1.000000e-030   9.755854e-002   1.000000e-030   1.000000e-030   1.576596e-004   1.922870e-006   3.519589e-001   3.296802e-002   1.000000e-030   1.000000e-030   2.367494e-001   1.000000e-030   9.264195e-002   1.254297e-002   4.393707e-002   1.518151e-005   1.000000e-030   3.334144e-004   1.000000e-030   1.000000e-030   1.000000e-030   1.000000e-030   1.000000e-030   7.778213e-002   1.000000e-030   1.000000e-030   
1.000000e-030   1.000000e-030   1.000000e-030   9.174411e-005   1.000000e-030   1.000000e-030   1.000000e-030   1.011635e-001   1.000000e-030   1.000000e-030   6.061927e-010   7.723466e-014   8.255713e-003   6.475067e-002   1.000000e-030   1.000000e-030   3.079680e-001   1.000000e-030   1.006828e-001   2.987405e-006   1.817349e-001   6.473251e-002   1.000000e-030   1.293795e-001   1.000000e-030   1.000000e-030   1.000000e-030   1.000000e-030   1.000000e-030   4.123769e-002   1.000000e-030   1.000000e-030   
---------------Pi values----------------
1.000000e+000   0.000000e+000   0.000000e+000   0.000000e+000   0.000000e+000   
------------------------------------------------ opening file input/recordings/quora/rec_4.txt ------------------------------------------------
->obs seq:   11   14   10   22   21   14   14   14   13   13   13   13   13    8   19   18   17   17    8   20   19   21   21   21   21   17   17   22   17   17   17   17   22   22    9 
iteration: 2
-->pstar : 3.34096e-056
-->qstar : 1 2 3 4 5 5 5 5 5 5 5 5 5 5 5 5 5 5 5 5 5 5 5 5 5 5 5 5 5 5 5 5 5 5 5 
iteration: 3
-->pstar : 2.22303e-058
-->qstar : 1 1 1 1 1 1 1 1 2 3 3 3 3 4 4 4 5 5 5 5 5 5 5 5 5 5 5 5 5 5 5 5 5 5 5 
-------------------------------Final Model Lambda (Pi, A, B) after iterations 3--------------------------------
---------------A Matrix----------------
8.029748e-001   1.970252e-001   0.000000e+000   0.000000e+000   0.000000e+000   
0.000000e+000   7.782902e-001   2.217098e-001   0.000000e+000   0.000000e+000   
0.000000e+000   0.000000e+000   7.622968e-001   2.377032e-001   0.000000e+000   
0.000000e+000   0.000000e+000   0.000000e+000   7.957767e-001   2.042233e-001   
0.000000e+000   0.000000e+000   0.000000e+000   0.000000e+000   1.000000e+000   
---------------B Matrix----------------
1.000000e-030   1.000000e-030   1.000000e-030   1.000000e-030   1.000000e-030   1.000000e-030   1.000000e-030   1.133075e-006   1.000000e-030   1.711870e-001   1.970252e-001   1.000000e-030   1.237746e-002   3.642450e-001   1.000000e-030   1.000000e-030   3.009866e-010   5.238764e-009   8.241260e-008   5.989158e-014   1.111807e-001   1.439834e-001   1.000000e-030   1.000000e-030   1.000000e-030   1.000000e-030   1.000000e-030   1.000000e-030   1.000000e-030   1.000000e-030   1.000000e-030   1.000000e-030   
1.000000e-030   1.000000e-030   1.000000e-030   1.000000e-030   1.000000e-030   1.000000e-030   1.000000e-030   6.833290e-003   1.000000e-030   2.904852e-002   1.000000e-030   1.000000e-030   3.809573e-001   4.270068e-001   1.000000e-030   1.000000e-030   1.733850e-004   5.725913e-004   2.036624e-003   2.042924e-006   9.416388e-002   5.920549e-002   1.000000e-030   1.000000e-030   1.000000e-030   1.000000e-030   1.000000e-030   1.000000e-030   1.000000e-030   1.000000e-030   1.000000e-030   1.000000e-030   
1.000000e-030   1.000000e-030   1.000000e-030   1.000000e-030   1.000000e-030   1.000000e-030   1.000000e-030   1.255738e-001   1.000000e-030   2.877552e-005   1.000000e-030   1.000000e-030   6.488680e-001   5.330938e-002   1.000000e-030   1.000000e-030   3.861642e-002   4.567602e-002   7.943296e-002   4.062912e-003   3.914818e-003   5.168859e-004   1.000000e-030   1.000000e-030   1.000000e-030   1.000000e-030   1.000000e-030   1.000000e-030   1.000000e-030   1.000000e-030   1.000000e-030   1.000000e-030   
1.000000e-030   1.000000e-030   1.000000e-030   1.000000e-030   1.000000e-030   1.000000e-030   1.000000e-030   1.890269e-001   1.000000e-030   1.000000e-030   1.000000e-030   1.000000e-030   9.937696e-002   2.116753e-004   1.000000e-030   1.000000e-030   2.199028e-001   1.341229e-001   1.871962e-001   8.127531e-002   8.849693e-002   3.902585e-004   1.000000e-030   1.000000e-030   1.000000e-030   1.000000e-030   1.000000e-030   1.000000e-030   1.000000e-030   1.000000e-030   1.000000e-030   1.000000e-030   
1.000000e-030   1.000000e-030   1.000000e-030   1.000000e-030   1.000000e-030   1.000000e-030   1.000000e-030   3.365721e-002   1.000000e-030   1.000000e-030   1.000000e-030   1.000000e-030   1.673915e-004   5.502873e-011   1.000000e-030   1.000000e-030   4.415232e-001   9.700530e-003   4.833430e-002   3.820414e-002   2.325958e-001   1.958174e-001   1.000000e-030   1.000000e-030   1.000000e-030   1.000000e-030   1.000000e-030   1.000000e-030   1.000000e-030   1.000000e-030   1.000000e-030   1.000000e-030   
---------------Pi values----------------
1.000000e+000   0.000000e+000   0.000000e+000   0.000000e+000   0.000000e+000   
------------------------------------------------ opening file input/recordings/quora/rec_5.txt ------------------------------------------------
->obs seq:   22   23   11   10   23   23   11   14   17    9   13    2   13   13   13   17   17   19    7   19    8   21   21   21   18   18   17   17   17   17   24   17   24   24    9 
iteration: 2
-->pstar : 3.34096e-056
-->qstar : 1 2 3 4 5 5 5 5 5 5 5 5 5 5 5 5 5 5 5 5 5 5 5 5 5 5 5 5 5 5 5 5 5 5 5 
iteration: 3
-->pstar : 1.43037e-033
-->qstar : 1 1 1 1 1 1 1 2 3 3 3 3 3 3 4 5 5 5 5 5 5 5 5 5 5 5 5 5 5 5 5 5 5 5 5 
iteration: 4
-->pstar : 2.01098e-033
-->qstar : 1 1 1 1 1 1 1 2 3 3 3 3 3 3 3 4 4 4 4 4 4 5 5 5 5 5 5 5 5 5 5 5 5 5 5 
iteration: 5
-->pstar : 4.63308e-046
-->qstar : 1 1 1 1 1 1 1 2 2 3 3 3 3 3 3 4 4 4 4 4 4 5 5 5 5 5 5 5 5 5 5 5 5 5 5 
-------------------------------Final Model Lambda (Pi, A, B) after iterations 5--------------------------------
---------------A Matrix----------------
8.437306e-001   1.562694e-001   0.000000e+000   0.000000e+000   0.000000e+000   
0.000000e+000   5.999499e-001   4.000501e-001   0.000000e+000   0.000000e+000   
0.000000e+000   0.000000e+000   8.488495e-001   1.511505e-001   0.000000e+000   
0.000000e+000   0.000000e+000   0.000000e+000   8.141245e-001   1.858755e-001   
0.000000e+000   0.000000e+000   0.000000e+000   0.000000e+000   1.000000e+000   
---------------B Matrix----------------
1.000000e-030   1.033112e-036   1.000000e-030   1.000000e-030   1.000000e-030   1.000000e-030   1.547209e-179   4.940656e-323   2.084430e-014   1.558665e-001   2.381872e-001   1.000000e-030   3.783333e-024   1.012116e-003   1.000000e-030   1.000000e-030   2.495580e-007   1.000000e-030   4.946878e-127   1.000000e-030   1.000000e-030   1.562694e-001   4.486645e-001   1.000000e-030   1.000000e-030   1.000000e-030   1.000000e-030   1.000000e-030   1.000000e-030   1.000000e-030   1.000000e-030   1.000000e-030   
1.000000e-030   5.895897e-005   1.000000e-030   1.000000e-030   1.000000e-030   1.000000e-030   1.928464e-035   4.921741e-076   1.055082e-001   1.031662e-003   1.903399e-001   1.000000e-030   2.976940e-003   3.952968e-001   1.000000e-030   1.000000e-030   2.532193e-001   9.966007e-231   7.514610e-023   1.000000e-030   8.522048e-107   1.000000e-030   5.156825e-002   1.000000e-030   1.000000e-030   1.000000e-030   1.000000e-030   1.000000e-030   1.000000e-030   1.000000e-030   1.000000e-030   1.000000e-030   
1.000000e-030   1.511185e-001   1.000000e-030   1.000000e-030   1.000000e-030   1.000000e-030   3.878040e-007   9.529751e-016   1.112864e-001   1.643905e-028   2.165607e-007   1.000000e-030   5.849041e-001   8.169550e-004   1.000000e-030   1.000000e-030   1.516115e-001   1.011661e-061   2.619044e-004   1.000000e-030   1.932034e-024   1.000000e-030   5.331924e-013   4.431006e-109   1.000000e-030   1.000000e-030   1.000000e-030   1.000000e-030   1.000000e-030   1.000000e-030   1.000000e-030   1.000000e-030   
1.000000e-030   1.192209e-005   1.000000e-030   1.000000e-030   1.000000e-030   1.000000e-030   1.857376e-001   1.352834e-001   2.417627e-010   3.464694e-107   2.331868e-038   1.000000e-030   2.283993e-002   1.701023e-022   1.000000e-030   1.000000e-030   2.535181e-001   1.453853e-006   3.683032e-001   1.000000e-030   3.430435e-002   1.000000e-030   5.339954e-058   2.212108e-018   1.000000e-030   1.000000e-030   1.000000e-030   1.000000e-030   1.000000e-030   1.000000e-030   1.000000e-030   1.000000e-030   
1.000000e-030   5.367221e-033   1.000000e-030   1.000000e-030   1.000000e-030   1.000000e-030   5.641547e-005   2.076899e-002   3.201220e-059   1.000000e-030   6.576525e-166   1.000000e-030   2.284728e-011   7.379562e-112   1.000000e-030   1.000000e-030   3.815318e-001   1.526101e-001   1.283174e-003   1.000000e-030   2.148335e-001   1.000000e-030   3.116245e-233   2.289160e-001   1.000000e-030   1.000000e-030   1.000000e-030   1.000000e-030   1.000000e-030   1.000000e-030   1.000000e-030   1.000000e-030   
---------------Pi values----------------
1.000000e+000   0.000000e+000   0.000000e+000   0.000000e+000   0.000000e+000   
------------------------------------------------ opening file input/recordings/quora/rec_6.txt ------------------------------------------------
->obs seq:   10   10   24   11   12   10   12   11   13    8   14    8    8   13   13   17   17   17   19   19   19   17   21   21   17   19   17   17   14   24   24   14   24   14    9 
iteration: 2
-->pstar : 3.34096e-056
-->qstar : 1 2 3 4 5 5 5 5 5 5 5 5 5 5 5 5 5 5 5 5 5 5 5 5 5 5 5 5 5 5 5 5 5 5 5 
iteration: 3
-->pstar : 5.59236e-059
-->qstar : 1 1 1 1 1 1 2 2 3 3 3 3 3 3 4 5 5 5 5 5 5 5 5 5 5 5 5 5 5 5 5 5 5 5 5 
-------------------------------Final Model Lambda (Pi, A, B) after iterations 3--------------------------------
---------------A Matrix----------------
8.232836e-001   1.767164e-001   0.000000e+000   0.000000e+000   0.000000e+000   
0.000000e+000   7.435464e-001   2.564536e-001   0.000000e+000   0.000000e+000   
0.000000e+000   0.000000e+000   7.698186e-001   2.301814e-001   0.000000e+000   
0.000000e+000   0.000000e+000   0.000000e+000   7.875743e-001   2.124257e-001   
0.000000e+000   0.000000e+000   0.000000e+000   0.000000e+000   1.000000e+000   
---------------B Matrix----------------
1.000000e-030   1.000000e-030   1.000000e-030   1.000000e-030   1.000000e-030   1.000000e-030   1.000000e-030   1.909750e-003   1.000000e-030   4.619948e-001   1.743660e-001   1.902762e-001   7.712478e-003   4.001062e-004   1.000000e-030   1.000000e-030   9.298137e-009   1.000000e-030   7.699232e-013   1.000000e-030   1.040721e-018   1.000000e-030   1.000000e-030   1.633407e-001   1.000000e-030   1.000000e-030   1.000000e-030   1.000000e-030   1.000000e-030   1.000000e-030   1.000000e-030   1.000000e-030   
1.000000e-030   1.000000e-030   1.000000e-030   1.000000e-030   1.000000e-030   1.000000e-030   1.000000e-030   1.812306e-001   1.000000e-030   9.656818e-002   2.290118e-001   2.274463e-001   1.727057e-001   7.243534e-002   1.000000e-030   1.000000e-030   1.190360e-003   1.000000e-030   1.080067e-005   1.000000e-030   9.454130e-009   1.000000e-030   1.000000e-030   1.940091e-002   1.000000e-030   1.000000e-030   1.000000e-030   1.000000e-030   1.000000e-030   1.000000e-030   1.000000e-030   1.000000e-030   
1.000000e-030   1.000000e-030   1.000000e-030   1.000000e-030   1.000000e-030   1.000000e-030   1.000000e-030   4.235429e-001   1.000000e-030   2.097950e-003   2.752476e-002   8.360644e-003   2.928183e-001   1.446225e-001   1.000000e-030   1.000000e-030   9.017161e-002   1.000000e-030   1.054513e-002   1.000000e-030   3.071536e-004   1.000000e-030   1.000000e-030   9.136116e-006   1.000000e-030   1.000000e-030   1.000000e-030   1.000000e-030   1.000000e-030   1.000000e-030   1.000000e-030   1.000000e-030   
1.000000e-030   1.000000e-030   1.000000e-030   1.000000e-030   1.000000e-030   1.000000e-030   1.000000e-030   9.354459e-002   1.000000e-030   8.527533e-007   1.542910e-004   1.173890e-005   2.041371e-001   1.942178e-002   1.000000e-030   1.000000e-030   4.194243e-001   1.000000e-030   2.204691e-001   1.000000e-030   4.255566e-002   1.000000e-030   1.000000e-030   2.806718e-004   1.000000e-030   1.000000e-030   1.000000e-030   1.000000e-030   1.000000e-030   1.000000e-030   1.000000e-030   1.000000e-030   
1.000000e-030   1.000000e-030   1.000000e-030   1.000000e-030   1.000000e-030   1.000000e-030   1.000000e-030   1.377035e-004   1.000000e-030   3.546946e-015   2.633928e-010   1.326684e-012   3.238283e-003   1.946428e-001   1.000000e-030   1.000000e-030   3.007923e-001   1.000000e-030   1.894928e-001   1.000000e-030   1.168507e-001   1.000000e-030   1.000000e-030   1.948454e-001   1.000000e-030   1.000000e-030   1.000000e-030   1.000000e-030   1.000000e-030   1.000000e-030   1.000000e-030   1.000000e-030   
---------------Pi values----------------
1.000000e+000   0.000000e+000   0.000000e+000   0.000000e+000   0.000000e+000   
------------------------------------------------ opening file input/recordings/quora/rec_7.txt ------------------------------------------------
->obs seq:   14   10   12   11   10   14   14   13   13   13    8    8   13    8   19   18   18   19   19    8    8   19   21   21   21   21   19   23   17   17   22   24   22   24    9 
iteration: 2
-->pstar : 3.34096e-056
-->qstar : 1 2 3 4 5 5 5 5 5 5 5 5 5 5 5 5 5 5 5 5 5 5 5 5 5 5 5 5 5 5 5 5 5 5 5 
iteration: 3
-->pstar : 2.69098e-060
-->qstar : 1 1 1 1 1 1 1 2 2 2 3 3 3 3 4 4 4 4 4 4 4 5 5 5 5 5 5 5 5 5 5 5 5 5 5 
-------------------------------Final Model Lambda (Pi, A, B) after iterations 3--------------------------------
---------------A Matrix----------------
8.391289e-001   1.608711e-001   0.000000e+000   0.000000e+000   0.000000e+000   
0.000000e+000   7.174766e-001   2.825234e-001   0.000000e+000   0.000000e+000   
0.000000e+000   0.000000e+000   7.950267e-001   2.049733e-001   0.000000e+000   
0.000000e+000   0.000000e+000   0.000000e+000   8.426578e-001   1.573422e-001   
0.000000e+000   0.000000e+000   0.000000e+000   0.000000e+000   1.000000e+000   
---------------B Matrix----------------
1.000000e-030   1.000000e-030   1.000000e-030   1.000000e-030   1.000000e-030   1.000000e-030   1.000000e-030   5.704018e-004   1.000000e-030   2.955764e-001   1.470216e-001   1.548946e-001   4.028966e-002   3.616471e-001   1.000000e-030   1.000000e-030   2.026646e-030   1.737561e-008   1.834549e-007   1.000000e-030   1.159642e-017   1.313865e-034   6.290629e-028   4.375549e-036   1.000000e-030   1.000000e-030   1.000000e-030   1.000000e-030   1.000000e-030   1.000000e-030   1.000000e-030   1.000000e-030   
1.000000e-030   1.000000e-030   1.000000e-030   1.000000e-030   1.000000e-030   1.000000e-030   1.000000e-030   1.556724e-001   1.000000e-030   4.557828e-002   2.428419e-002   1.049444e-002   5.566681e-001   1.997114e-001   1.000000e-030   1.000000e-030   2.091460e-015   2.407340e-003   5.183778e-003   1.000000e-030   7.040950e-008   1.736076e-018   8.583907e-014   1.829843e-019   1.000000e-030   1.000000e-030   1.000000e-030   1.000000e-030   1.000000e-030   1.000000e-030   1.000000e-030   1.000000e-030   
1.000000e-030   1.000000e-030   1.000000e-030   1.000000e-030   1.000000e-030   1.000000e-030   1.000000e-030   4.063427e-001   1.000000e-030   2.717373e-004   2.788410e-005   1.143749e-006   3.152427e-001   9.223166e-003   1.000000e-030   1.000000e-030   5.479015e-008   1.187277e-001   1.491066e-001   1.000000e-030   1.055857e-003   3.452642e-010   4.731242e-007   5.104597e-011   1.000000e-030   1.000000e-030   1.000000e-030   1.000000e-030   1.000000e-030   1.000000e-030   1.000000e-030   1.000000e-030   
1.000000e-030   1.000000e-030   1.000000e-030   1.000000e-030   1.000000e-030   1.000000e-030   1.000000e-030   2.919755e-001   1.000000e-030   7.230569e-009   2.588149e-011   1.000000e-030   3.784687e-002   1.003896e-005   1.000000e-030   1.000000e-030   4.365615e-004   2.083191e-001   3.803022e-001   1.000000e-030   7.979692e-002   1.804168e-005   1.291130e-003   3.624804e-006   1.000000e-030   1.000000e-030   1.000000e-030   1.000000e-030   1.000000e-030   1.000000e-030   1.000000e-030   1.000000e-030   
1.000000e-030   1.000000e-030   1.000000e-030   1.000000e-030   1.000000e-030   1.000000e-030   1.000000e-030   4.668390e-002   1.000000e-030   2.724919e-020   1.000000e-030   1.000000e-030   5.394744e-005   2.408296e-013   1.000000e-030   1.000000e-030   1.535138e-001   6.783895e-003   1.412116e-001   1.000000e-030   2.680766e-001   1.537183e-001   7.623264e-002   1.537253e-001   1.000000e-030   1.000000e-030   1.000000e-030   1.000000e-030   1.000000e-030   1.000000e-030   1.000000e-030   1.000000e-030   
---------------Pi values----------------
1.000000e+000   0.000000e+000   0.000000e+000   0.000000e+000   0.000000e+000   
------------------------------------------------ opening file input/recordings/quora/rec_8.txt ------------------------------------------------
->obs seq:   12   23   12   12   11   11   11   32   13   19   23   13   13    8   19   18   17   17   23    8   19   21   21   21   17   23   17   22   13   13   17   22   24   14    9 
iteration: 2
-->pstar : 3.34096e-056
-->qstar : 1 2 3 4 5 5 5 5 5 5 5 5 5 5 5 5 5 5 5 5 5 5 5 5 5 5 5 5 5 5 5 5 5 5 5 
iteration: 3
-->pstar : 9.17191e-063
-->qstar : 1 1 1 1 2 2 2 2 3 3 3 3 3 4 4 4 5 5 5 5 5 5 5 5 5 5 5 5 5 5 5 5 5 5 5 
-------------------------------Final Model Lambda (Pi, A, B) after iterations 3--------------------------------
---------------A Matrix----------------
7.970893e-001   2.029107e-001   0.000000e+000   0.000000e+000   0.000000e+000   
0.000000e+000   7.575137e-001   2.424863e-001   0.000000e+000   0.000000e+000   
0.000000e+000   0.000000e+000   7.853539e-001   2.146461e-001   0.000000e+000   
0.000000e+000   0.000000e+000   0.000000e+000   8.420750e-001   1.579250e-001   
0.000000e+000   0.000000e+000   0.000000e+000   0.000000e+000   1.000000e+000   
---------------B Matrix----------------
1.000000e-030   1.000000e-030   1.000000e-030   1.000000e-030   1.000000e-030   1.000000e-030   1.000000e-030   2.582025e-006   1.000000e-030   1.000000e-030   2.156621e-001   5.677703e-001   3.700846e-003   9.511956e-030   1.000000e-030   1.000000e-030   2.508763e-009   2.568735e-008   1.251283e-003   1.000000e-030   1.124680e-014   4.236784e-022   1.995360e-001   2.921533e-029   1.000000e-030   1.000000e-030   1.000000e-030   1.000000e-030   1.000000e-030   1.000000e-030   1.000000e-030   1.207676e-002   
1.000000e-030   1.000000e-030   1.000000e-030   1.000000e-030   1.000000e-030   1.000000e-030   1.000000e-030   7.807682e-003   1.000000e-030   1.000000e-030   4.409582e-001   4.888155e-002   1.789563e-001   7.880162e-016   1.000000e-030   1.000000e-030   4.727052e-004   1.103587e-003   8.929789e-002   1.000000e-030   7.667842e-007   3.895959e-011   6.416662e-002   1.590366e-015   1.000000e-030   1.000000e-030   1.000000e-030   1.000000e-030   1.000000e-030   1.000000e-030   1.000000e-030   1.683547e-001   
1.000000e-030   1.000000e-030   1.000000e-030   1.000000e-030   1.000000e-030   1.000000e-030   1.000000e-030   1.118061e-001   1.000000e-030   1.000000e-030   2.540557e-002   6.139538e-005   3.493003e-001   5.867566e-009   1.000000e-030   1.000000e-030   5.676256e-002   5.418692e-002   2.043609e-001   1.000000e-030   2.975765e-003   8.616432e-006   1.431412e-001   9.850217e-009   1.000000e-030   1.000000e-030   1.000000e-030   1.000000e-030   1.000000e-030   1.000000e-030   1.000000e-030   5.199067e-002   
1.000000e-030   1.000000e-030   1.000000e-030   1.000000e-030   1.000000e-030   1.000000e-030   1.000000e-030   1.598741e-001   1.000000e-030   1.000000e-030   4.897001e-005   1.567355e-010   9.692957e-002   1.596831e-005   1.000000e-030   1.000000e-030   2.195821e-001   1.015448e-001   1.770114e-001   1.000000e-030   1.129264e-001   3.292672e-003   1.281075e-001   3.775513e-005   1.000000e-030   1.000000e-030   1.000000e-030   1.000000e-030   1.000000e-030   1.000000e-030   1.000000e-030   6.286940e-004   
1.000000e-030   1.000000e-030   1.000000e-030   1.000000e-030   1.000000e-030   1.000000e-030   1.000000e-030   3.114084e-002   1.000000e-030   1.000000e-030   1.446246e-010   1.000000e-030   1.434875e-001   7.163963e-002   1.000000e-030   1.000000e-030   2.395367e-001   7.168921e-003   3.960096e-002   1.000000e-030   1.627192e-001   1.417972e-001   9.127917e-002   7.162975e-002   1.000000e-030   1.000000e-030   1.000000e-030   1.000000e-030   1.000000e-030   1.000000e-030   1.000000e-030   5.444299e-008   
---------------Pi values----------------
1.000000e+000   0.000000e+000   0.000000e+000   0.000000e+000   0.000000e+000   
------------------------------------------------ opening file input/recordings/quora/rec_9.txt ------------------------------------------------
->obs seq:   11   31   32   31   32   32   24   20   12   31    8   23    8   18   17   17   19   19   19   21   21   21   21   21   17   22   24   17   17   17   22   24   24   24    9 
iteration: 2
-->pstar : 3.34096e-056
-->qstar : 1 2 3 4 5 5 5 5 5 5 5 5 5 5 5 5 5 5 5 5 5 5 5 5 5 5 5 5 5 5 5 5 5 5 5 
iteration: 3
-->pstar : 1.42153e-060
-->qstar : 1 1 1 1 1 1 2 2 2 2 3 3 3 4 5 5 5 5 5 5 5 5 5 5 5 5 5 5 5 5 5 5 5 5 5 
-------------------------------Final Model Lambda (Pi, A, B) after iterations 3--------------------------------
---------------A Matrix----------------
8.014301e-001   1.985699e-001   0.000000e+000   0.000000e+000   0.000000e+000   
0.000000e+000   7.975325e-001   2.024675e-001   0.000000e+000   0.000000e+000   
0.000000e+000   0.000000e+000   7.474764e-001   2.525236e-001   0.000000e+000   
0.000000e+000   0.000000e+000   0.000000e+000   8.077461e-001   1.922539e-001   
0.000000e+000   0.000000e+000   0.000000e+000   0.000000e+000   1.000000e+000   
---------------B Matrix----------------
1.000000e-030   1.000000e-030   1.000000e-030   1.000000e-030   1.000000e-030   1.000000e-030   1.000000e-030   1.086493e-003   1.000000e-030   1.000000e-030   1.985699e-001   1.012968e-002   1.000000e-030   1.000000e-030   1.000000e-030   1.000000e-030   1.564990e-007   2.038592e-006   5.419300e-010   2.125222e-002   2.559642e-014   1.389908e-023   1.730020e-004   4.389973e-002   1.000000e-030   1.000000e-030   1.000000e-030   1.000000e-030   1.000000e-030   1.000000e-030   3.467797e-001   3.781071e-001   
1.000000e-030   1.000000e-030   1.000000e-030   1.000000e-030   1.000000e-030   1.000000e-030   1.000000e-030   9.984861e-002   1.000000e-030   1.000000e-030   1.000000e-030   1.449086e-001   1.000000e-030   1.000000e-030   1.000000e-030   1.000000e-030   2.950944e-003   7.571987e-003   2.208464e-004   1.547402e-001   1.450143e-006   5.655204e-012   4.371457e-002   1.457391e-001   1.000000e-030   1.000000e-030   1.000000e-030   1.000000e-030   1.000000e-030   1.000000e-030   1.818613e-001   2.184425e-001   
1.000000e-030   1.000000e-030   1.000000e-030   1.000000e-030   1.000000e-030   1.000000e-030   1.000000e-030   3.011932e-001   1.000000e-030   1.000000e-030   1.000000e-030   5.794396e-002   1.000000e-030   1.000000e-030   1.000000e-030   1.000000e-030   1.411858e-001   1.282244e-001   6.180627e-002   3.230650e-002   6.221077e-003   3.228473e-006   1.658592e-001   1.488694e-002   1.000000e-030   1.000000e-030   1.000000e-030   1.000000e-030   1.000000e-030   1.000000e-030   8.609163e-002   4.277745e-003   
1.000000e-030   1.000000e-030   1.000000e-030   1.000000e-030   1.000000e-030   1.000000e-030   1.000000e-030   5.882729e-002   1.000000e-030   1.000000e-030   1.000000e-030   7.333315e-004   1.000000e-030   1.000000e-030   1.000000e-030   1.000000e-030   2.359363e-001   8.380324e-002   3.592653e-001   1.475585e-004   2.302772e-001   2.840993e-003   2.424879e-002   1.137970e-003   1.000000e-030   1.000000e-030   1.000000e-030   1.000000e-030   1.000000e-030   1.000000e-030   2.780627e-003   1.394788e-006   
1.000000e-030   1.000000e-030   1.000000e-030   1.000000e-030   1.000000e-030   1.000000e-030   1.000000e-030   1.785281e-004   1.000000e-030   1.000000e-030   1.000000e-030   2.452584e-009   1.000000e-030   1.000000e-030   1.000000e-030   1.000000e-030   2.825125e-001   1.273371e-003   5.957402e-002   6.681050e-011   2.541523e-001   1.335626e-001   1.922411e-005   2.687273e-001   1.000000e-030   1.000000e-030   1.000000e-030   1.000000e-030   1.000000e-030   1.000000e-030   7.955076e-008   1.867607e-014   
---------------Pi values----------------
1.000000e+000   0.000000e+000   0.000000e+000   0.000000e+000   0.000000e+000   
------------------------------------------------ opening file input/recordings/quora/rec_10.txt ------------------------------------------------
->obs seq:   11   10   23   11   21   22   22   13   23   13   20    8   23   23   18   18   17   19   19   19   21   21   21   21   17   19   21   17   24   17   24   24   24   24    9 
iteration: 2
-->pstar : 3.34096e-056
-->qstar : 1 2 3 4 5 5 5 5 5 5 5 5 5 5 5 5 5 5 5 5 5 5 5 5 5 5 5 5 5 5 5 5 5 5 5 
iteration: 3
-->pstar : 8.11106e-060
-->qstar : 1 1 1 1 2 2 2 2 2 2 3 3 3 3 4 4 5 5 5 5 5 5 5 5 5 5 5 5 5 5 5 5 5 5 5 
-------------------------------Final Model Lambda (Pi, A, B) after iterations 3--------------------------------
---------------A Matrix----------------
7.916767e-001   2.083233e-001   0.000000e+000   0.000000e+000   0.000000e+000   
0.000000e+000   8.045213e-001   1.954787e-001   0.000000e+000   0.000000e+000   
0.000000e+000   0.000000e+000   7.720718e-001   2.279282e-001   0.000000e+000   
0.000000e+000   0.000000e+000   0.000000e+000   7.711147e-001   2.288853e-001   
0.000000e+000   0.000000e+000   0.000000e+000   0.000000e+000   1.000000e+000   
---------------B Matrix----------------
1.000000e-030   1.000000e-030   1.000000e-030   1.000000e-030   1.000000e-030   1.000000e-030   1.000000e-030   1.955014e-004   1.000000e-030   2.036236e-001   3.770365e-001   1.000000e-030   1.885267e-002   1.000000e-030   1.000000e-030   1.000000e-030   3.231832e-009   1.290340e-006   1.592474e-010   7.127653e-004   1.072396e-001   9.896698e-002   1.933711e-001   1.204050e-024   1.000000e-030   1.000000e-030   1.000000e-030   1.000000e-030   1.000000e-030   1.000000e-030   1.000000e-030   1.000000e-030   
1.000000e-030   1.000000e-030   1.000000e-030   1.000000e-030   1.000000e-030   1.000000e-030   1.000000e-030   5.041840e-002   1.000000e-030   4.409916e-003   3.689914e-002   1.000000e-030   2.525419e-001   1.000000e-030   1.000000e-030   1.000000e-030   3.027173e-004   6.765741e-003   8.052266e-005   7.575196e-002   9.304708e-002   2.781853e-001   2.015973e-001   2.062578e-013   1.000000e-030   1.000000e-030   1.000000e-030   1.000000e-030   1.000000e-030   1.000000e-030   1.000000e-030   1.000000e-030   
1.000000e-030   1.000000e-030   1.000000e-030   1.000000e-030   1.000000e-030   1.000000e-030   1.000000e-030   1.457011e-001   1.000000e-030   1.000000e-030   3.132967e-004   1.000000e-030   1.370104e-001   1.000000e-030   1.000000e-030   1.000000e-030   3.102798e-002   1.593617e-001   2.630041e-002   1.287623e-001   4.708109e-003   2.318000e-002   3.436345e-001   9.539539e-008   1.000000e-030   1.000000e-030   1.000000e-030   1.000000e-030   1.000000e-030   1.000000e-030   1.000000e-030   1.000000e-030   
1.000000e-030   1.000000e-030   1.000000e-030   1.000000e-030   1.000000e-030   1.000000e-030   1.000000e-030   2.330168e-002   1.000000e-030   1.000000e-030   7.052290e-009   1.000000e-030   3.770911e-003   1.000000e-030   1.000000e-030   1.000000e-030   1.452230e-001   2.630236e-001   3.086472e-001   1.009981e-002   1.248478e-001   3.188198e-005   1.207081e-001   3.460563e-004   1.000000e-030   1.000000e-030   1.000000e-030   1.000000e-030   1.000000e-030   1.000000e-030   1.000000e-030   1.000000e-030   
1.000000e-030   1.000000e-030   1.000000e-030   1.000000e-030   1.000000e-030   1.000000e-030   1.000000e-030   6.055179e-006   1.000000e-030   1.000000e-030   1.000000e-030   1.000000e-030   2.861832e-008   1.000000e-030   1.000000e-030   1.000000e-030   2.105877e-001   7.637171e-003   1.654331e-001   4.952199e-007   2.898731e-001   2.736886e-013   3.560605e-004   3.261062e-001   1.000000e-030   1.000000e-030   1.000000e-030   1.000000e-030   1.000000e-030   1.000000e-030   1.000000e-030   1.000000e-030   
---------------Pi values----------------
1.000000e+000   0.000000e+000   0.000000e+000   0.000000e+000   0.000000e+000   
------------------------------------------------ opening file input/recordings/quora/rec_11.txt ------------------------------------------------
->obs seq:   32   23   12   23   23   23   23   11   17   13    2   13   13   23   23   18   18   17   17   20    8   22   21   21   21   17   17   17   17   17   17   22   22   24    9 
iteration: 2
-->pstar : 3.34096e-056
-->qstar : 1 2 3 4 5 5 5 5 5 5 5 5 5 5 5 5 5 5 5 5 5 5 5 5 5 5 5 5 5 5 5 5 5 5 5 
iteration: 3
-->pstar : 2.51882e-058
-->qstar : 1 1 1 1 1 1 1 2 3 3 3 3 3 3 3 4 4 5 5 5 5 5 5 5 5 5 5 5 5 5 5 5 5 5 5 
-------------------------------Final Model Lambda (Pi, A, B) after iterations 3--------------------------------
---------------A Matrix----------------
7.952001e-001   2.047999e-001   0.000000e+000   0.000000e+000   0.000000e+000   
0.000000e+000   8.000658e-001   1.999342e-001   0.000000e+000   0.000000e+000   
0.000000e+000   0.000000e+000   8.042711e-001   1.957289e-001   0.000000e+000   
0.000000e+000   0.000000e+000   0.000000e+000   7.168899e-001   2.831101e-001   
0.000000e+000   0.000000e+000   0.000000e+000   0.000000e+000   1.000000e+000   
---------------B Matrix----------------
1.000000e-030   4.820753e-004   1.000000e-030   1.000000e-030   1.000000e-030   1.000000e-030   1.000000e-030   4.327724e-014   1.000000e-030   1.000000e-030   1.841861e-002   1.772228e-001   1.790753e-003   1.000000e-030   1.000000e-030   1.000000e-030   5.308465e-003   4.015598e-007   1.000000e-030   2.022921e-012   1.747573e-017   8.337088e-016   5.919770e-001   2.098026e-030   1.000000e-030   1.000000e-030   1.000000e-030   1.000000e-030   1.000000e-030   1.000000e-030   1.000000e-030   2.047999e-001   
1.000000e-030   7.319241e-002   1.000000e-030   1.000000e-030   1.000000e-030   1.000000e-030   1.000000e-030   9.423982e-007   1.000000e-030   1.000000e-030   1.411994e-001   2.689421e-002   1.910773e-001   1.000000e-030   1.000000e-030   1.000000e-030   1.161610e-001   5.946989e-003   1.000000e-030   7.797676e-006   1.260976e-008   1.014626e-007   4.455199e-001   1.530091e-016   1.000000e-030   1.000000e-030   1.000000e-030   1.000000e-030   1.000000e-030   1.000000e-030   1.000000e-030   1.000000e-030   
1.000000e-030   1.158507e-001   1.000000e-030   1.000000e-030   1.000000e-030   1.000000e-030   1.000000e-030   9.545738e-004   1.000000e-030   1.000000e-030   3.955871e-002   2.716834e-005   3.555298e-001   1.000000e-030   1.000000e-030   1.000000e-030   1.044088e-001   1.174394e-001   1.000000e-030   3.365792e-003   1.214082e-004   2.839906e-004   2.624597e-001   4.647410e-010   1.000000e-030   1.000000e-030   1.000000e-030   1.000000e-030   1.000000e-030   1.000000e-030   1.000000e-030   1.000000e-030   
1.000000e-030   1.122945e-002   1.000000e-030   1.000000e-030   1.000000e-030   1.000000e-030   1.000000e-030   5.471466e-002   1.000000e-030   1.000000e-030   4.887523e-004   1.000000e-030   6.193343e-002   1.000000e-030   1.000000e-030   1.000000e-030   2.526718e-001   3.327836e-001   1.000000e-030   8.450438e-002   2.704073e-002   2.478601e-002   1.498435e-001   3.585514e-006   1.000000e-030   1.000000e-030   1.000000e-030   1.000000e-030   1.000000e-030   1.000000e-030   1.000000e-030   1.000000e-030   
1.000000e-030   3.791440e-007   1.000000e-030   1.000000e-030   1.000000e-030   1.000000e-030   1.000000e-030   5.181874e-002   1.000000e-030   1.000000e-030   3.869924e-010   1.000000e-030   2.303620e-005   1.000000e-030   1.000000e-030   1.000000e-030   4.502422e-001   1.258852e-002   1.000000e-030   4.422062e-002   1.876578e-001   1.881187e-001   7.074491e-004   6.462257e-002   1.000000e-030   1.000000e-030   1.000000e-030   1.000000e-030   1.000000e-030   1.000000e-030   1.000000e-030   1.000000e-030   
---------------Pi values----------------
1.000000e+000   0.000000e+000   0.000000e+000   0.000000e+000   0.000000e+000   
------------------------------------------------ opening file input/recordings/quora/rec_12.txt ------------------------------------------------
->obs seq:   24   11   32   32   30   23   24   11   24   23    4   13   13   23   23   18   18   17   18   19   19   18   17   21   18   21   17   17   17   17   17   22   22   22    9 
iteration: 2
-->pstar : 3.34096e-056
-->qstar : 1 2 3 4 5 5 5 5 5 5 5 5 5 5 5 5 5 5 5 5 5 5 5 5 5 5 5 5 5 5 5 5 5 5 5 
iteration: 3
-->pstar : 3.75748e-059
-->qstar : 1 1 1 1 1 1 1 1 1 2 3 3 3 3 3 4 4 5 5 5 5 5 5 5 5 5 5 5 5 5 5 5 5 5 5 
-------------------------------Final Model Lambda (Pi, A, B) after iterations 3--------------------------------
---------------A Matrix----------------
8.478482e-001   1.521518e-001   0.000000e+000   0.000000e+000   0.000000e+000   
0.000000e+000   7.493512e-001   2.506488e-001   0.000000e+000   0.000000e+000   
0.000000e+000   0.000000e+000   7.496726e-001   2.503274e-001   0.000000e+000   
0.000000e+000   0.000000e+000   0.000000e+000   7.686374e-001   2.313626e-001   
0.000000e+000   0.000000e+000   0.000000e+000   0.000000e+000   1.000000e+000   
---------------B Matrix----------------
1.000000e-030   1.000000e-030   1.000000e-030   3.441401e-003   1.000000e-030   1.000000e-030   1.000000e-030   1.000000e-030   1.000000e-030   1.000000e-030   2.184446e-001   1.000000e-030   8.088663e-004   1.000000e-030   1.000000e-030   1.000000e-030   2.995507e-010   1.685971e-007   3.861219e-013   1.000000e-030   1.232399e-019   2.772330e-034   1.094071e-001   2.854684e-001   1.000000e-030   1.000000e-030   1.000000e-030   1.000000e-030   1.000000e-030   1.115349e-001   1.000000e-030   2.708945e-001   
1.000000e-030   1.000000e-030   1.000000e-030   1.197797e-001   1.000000e-030   1.000000e-030   1.000000e-030   1.000000e-030   1.000000e-030   1.000000e-030   1.236913e-001   1.000000e-030   1.212095e-001   1.000000e-030   1.000000e-030   1.000000e-030   1.063696e-004   2.960218e-003   4.351436e-006   1.000000e-030   1.172521e-009   9.934711e-019   2.773725e-001   2.338479e-001   1.000000e-030   1.000000e-030   1.000000e-030   1.000000e-030   1.000000e-030   6.607452e-002   1.000000e-030   5.495358e-002   
1.000000e-030   1.000000e-030   1.000000e-030   1.178772e-001   1.000000e-030   1.000000e-030   1.000000e-030   1.000000e-030   1.000000e-030   1.000000e-030   1.761788e-002   1.000000e-030   3.180457e-001   1.000000e-030   1.000000e-030   1.000000e-030   1.898517e-002   1.210639e-001   6.157743e-003   1.000000e-030   7.511165e-005   1.641600e-010   3.519906e-001   4.726835e-002   1.000000e-030   1.000000e-030   1.000000e-030   1.000000e-030   1.000000e-030   8.350908e-004   1.000000e-030   8.331450e-005   
1.000000e-030   1.000000e-030   1.000000e-030   6.618363e-003   1.000000e-030   1.000000e-030   1.000000e-030   1.000000e-030   1.000000e-030   1.000000e-030   1.005535e-004   1.000000e-030   5.550902e-002   1.000000e-030   1.000000e-030   1.000000e-030   1.467263e-001   4.430300e-001   1.561502e-001   1.000000e-030   1.950040e-002   1.177949e-005   1.718915e-001   4.618564e-004   1.000000e-030   1.000000e-030   1.000000e-030   1.000000e-030   1.000000e-030   3.800274e-008   1.000000e-030   1.549712e-010   
1.000000e-030   1.000000e-030   1.000000e-030   3.407113e-007   1.000000e-030   1.000000e-030   1.000000e-030   1.000000e-030   1.000000e-030   1.000000e-030   1.550965e-011   1.000000e-030   4.367661e-005   1.000000e-030   1.000000e-030   1.000000e-030   4.159483e-001   1.712651e-001   8.600428e-002   1.000000e-030   1.266725e-001   1.983962e-001   1.669550e-003   7.081178e-010   1.000000e-030   1.000000e-030   1.000000e-030   1.000000e-030   1.000000e-030   1.438108e-019   1.000000e-030   1.000000e-030   
---------------Pi values----------------
1.000000e+000   0.000000e+000   0.000000e+000   0.000000e+000   0.000000e+000   
------------------------------------------------ opening file input/recordings/quora/rec_13.txt ------------------------------------------------
->obs seq:   12   11   11   11   32   12   10   12   13   23   20   19   13   23   23   19   18   18   18   20   19   21   21   21   21   21   21   21   17   17   14   22   24   22    9 
iteration: 2
-->pstar : 3.34096e-056
-->qstar : 1 2 3 4 5 5 5 5 5 5 5 5 5 5 5 5 5 5 5 5 5 5 5 5 5 5 5 5 5 5 5 5 5 5 5 
iteration: 3
-->pstar : 8.00322e-061
-->qstar : 1 1 1 1 1 1 1 1 2 3 3 3 3 3 3 4 4 4 4 4 4 5 5 5 5 5 5 5 5 5 5 5 5 5 5 
-------------------------------Final Model Lambda (Pi, A, B) after iterations 3--------------------------------
---------------A Matrix----------------
8.309124e-001   1.690876e-001   0.000000e+000   0.000000e+000   0.000000e+000   
0.000000e+000   7.321074e-001   2.678926e-001   0.000000e+000   0.000000e+000   
0.000000e+000   0.000000e+000   8.127545e-001   1.872455e-001   0.000000e+000   
0.000000e+000   0.000000e+000   0.000000e+000   8.236319e-001   1.763681e-001   
0.000000e+000   0.000000e+000   0.000000e+000   0.000000e+000   1.000000e+000   
---------------B Matrix----------------
1.000000e-030   1.000000e-030   1.000000e-030   1.000000e-030   1.000000e-030   1.000000e-030   1.000000e-030   1.000000e-030   1.000000e-030   6.464053e-002   4.782508e-001   3.159133e-001   1.140257e-002   3.815326e-035   1.000000e-030   1.000000e-030   6.444101e-031   3.524847e-009   1.098732e-004   5.504775e-004   3.257772e-016   1.232836e-036   2.573712e-003   1.033184e-037   1.000000e-030   1.000000e-030   1.000000e-030   1.000000e-030   1.000000e-030   1.000000e-030   1.000000e-030   1.265587e-001   
1.000000e-030   1.000000e-030   1.000000e-030   1.000000e-030   1.000000e-030   1.000000e-030   1.000000e-030   1.000000e-030   1.000000e-030   1.519317e-001   4.592243e-002   2.610382e-001   1.960887e-001   4.628713e-019   1.000000e-030   1.000000e-030   6.285527e-016   1.229354e-003   5.176092e-002   7.940038e-002   2.961871e-007   4.815198e-020   1.459129e-001   1.017086e-020   1.000000e-030   1.000000e-030   1.000000e-030   1.000000e-030   1.000000e-030   1.000000e-030   1.000000e-030   6.671518e-002   
1.000000e-030   1.000000e-030   1.000000e-030   1.000000e-030   1.000000e-030   1.000000e-030   1.000000e-030   1.000000e-030   1.000000e-030   9.452169e-003   2.974653e-005   2.927855e-002   1.880764e-001   1.184133e-010   1.000000e-030   1.000000e-030   1.826118e-008   1.087696e-001   2.127252e-001   1.303235e-001   1.725406e-003   1.629654e-011   3.191545e-001   4.216860e-012   1.000000e-030   1.000000e-030   1.000000e-030   1.000000e-030   1.000000e-030   1.000000e-030   1.000000e-030   4.649609e-004   
1.000000e-030   1.000000e-030   1.000000e-030   1.000000e-030   1.000000e-030   1.000000e-030   1.000000e-030   1.000000e-030   1.000000e-030   1.645745e-005   2.631986e-011   1.553512e-004   3.455869e-002   1.044245e-005   1.000000e-030   1.000000e-030   2.365300e-004   3.760743e-001   2.180143e-001   1.328009e-001   1.093239e-001   2.113112e-006   1.288065e-001   4.532664e-007   1.000000e-030   1.000000e-030   1.000000e-030   1.000000e-030   1.000000e-030   1.000000e-030   1.000000e-030   9.206874e-009   
1.000000e-030   1.000000e-030   1.000000e-030   1.000000e-030   1.000000e-030   1.000000e-030   1.000000e-030   1.000000e-030   1.000000e-030   1.513062e-013   1.000000e-030   3.470988e-011   1.595800e-005   7.494387e-002   1.000000e-030   1.000000e-030   1.497961e-001   2.114993e-002   3.252211e-002   1.884028e-002   4.774899e-001   1.498957e-001   3.981070e-004   7.494811e-002   1.000000e-030   1.000000e-030   1.000000e-030   1.000000e-030   1.000000e-030   1.000000e-030   1.000000e-030   1.114907e-020   
---------------Pi values----------------
1.000000e+000   0.000000e+000   0.000000e+000   0.000000e+000   0.000000e+000   
------------------------------------------------ opening file input/recordings/quora/rec_14.txt ------------------------------------------------
->obs seq:   31   24   20   12   31   11   11   11   13   20   13   20   23   23   18   20   18   18   17   17   19   19   19   21   21   21   21   22   17   17   17   17   14   24    9 
iteration: 2
-->pstar : 3.34096e-056
-->qstar : 1 2 3 4 5 5 5 5 5 5 5 5 5 5 5 5 5 5 5 5 5 5 5 5 5 5 5 5 5 5 5 5 5 5 5 
iteration: 3
-->pstar : 7.81835e-061
-->qstar : 1 1 1 1 1 2 2 2 2 2 2 2 3 3 3 3 4 4 5 5 5 5 5 5 5 5 5 5 5 5 5 5 5 5 5 
-------------------------------Final Model Lambda (Pi, A, B) after iterations 3--------------------------------
---------------A Matrix----------------
8.110240e-001   1.889760e-001   0.000000e+000   0.000000e+000   0.000000e+000   
0.000000e+000   7.916207e-001   2.083793e-001   0.000000e+000   0.000000e+000   
0.000000e+000   0.000000e+000   7.713763e-001   2.286237e-001   0.000000e+000   
0.000000e+000   0.000000e+000   0.000000e+000   7.587879e-001   2.412121e-001   
0.000000e+000   0.000000e+000   0.000000e+000   0.000000e+000   1.000000e+000   
---------------B Matrix----------------
1.000000e-030   1.000000e-030   1.000000e-030   1.000000e-030   1.000000e-030   1.000000e-030   1.000000e-030   1.000000e-030   1.000000e-030   1.000000e-030   1.457155e-001   1.565606e-001   9.976933e-003   2.065778e-033   1.000000e-030   1.000000e-030   8.187090e-012   9.359582e-007   4.078562e-015   1.746953e-001   1.214945e-020   2.285197e-028   7.151406e-005   1.850913e-001   1.000000e-030   1.000000e-030   1.000000e-030   1.000000e-030   1.000000e-030   1.000000e-030   3.278880e-001   1.000000e-030   
1.000000e-030   1.000000e-030   1.000000e-030   1.000000e-030   1.000000e-030   1.000000e-030   1.000000e-030   1.000000e-030   1.000000e-030   1.000000e-030   4.255202e-001   3.565248e-002   2.316392e-001   1.065530e-018   1.000000e-030   1.000000e-030   1.490982e-005   5.875802e-003   2.634021e-007   1.995407e-001   1.882125e-010   4.114613e-015   4.287985e-002   4.283647e-003   1.000000e-030   1.000000e-030   1.000000e-030   1.000000e-030   1.000000e-030   1.000000e-030   5.459296e-002   1.000000e-030   
1.000000e-030   1.000000e-030   1.000000e-030   1.000000e-030   1.000000e-030   1.000000e-030   1.000000e-030   1.000000e-030   1.000000e-030   1.000000e-030   4.258610e-002   1.001557e-004   1.804683e-001   1.605968e-011   1.000000e-030   1.000000e-030   8.545412e-003   1.686193e-001   1.243529e-003   3.100432e-001   2.365485e-005   3.515431e-008   2.876994e-001   9.566412e-012   1.000000e-030   1.000000e-030   1.000000e-030   1.000000e-030   1.000000e-030   1.000000e-030   6.708445e-004   1.000000e-030   
1.000000e-030   1.000000e-030   1.000000e-030   1.000000e-030   1.000000e-030   1.000000e-030   1.000000e-030   1.000000e-030   1.000000e-030   1.000000e-030   1.454043e-004   3.273778e-010   1.114616e-002   1.505790e-006   1.000000e-030   1.000000e-030   1.471282e-001   4.413486e-001   8.271001e-002   1.754611e-001   1.338635e-002   2.564848e-004   1.284156e-001   6.367552e-007   1.000000e-030   1.000000e-030   1.000000e-030   1.000000e-030   1.000000e-030   1.000000e-030   2.451635e-008   1.000000e-030   
1.000000e-030   1.000000e-030   1.000000e-030   1.000000e-030   1.000000e-030   1.000000e-030   1.000000e-030   1.000000e-030   1.000000e-030   1.000000e-030   7.236362e-012   1.000000e-030   3.616849e-007   6.497827e-002   1.000000e-030   1.000000e-030   3.478048e-001   2.628708e-002   1.723018e-001   2.238109e-003   2.563019e-001   6.490957e-002   1.995834e-004   6.497851e-002   1.000000e-030   1.000000e-030   1.000000e-030   1.000000e-030   1.000000e-030   1.000000e-030   4.006925e-020   1.000000e-030   
---------------Pi values----------------
1.000000e+000   0.000000e+000   0.000000e+000   0.000000e+000   0.000000e+000   
------------------------------------------------ opening file input/recordings/quora/rec_15.txt ------------------------------------------------
->obs seq:   31   32   24   32   11   32   30   14   19   19    8   23   14   14   20    8   18   17   19   19   19   19   17   17   21   21   21   17   23   22   14   17   14   17    9 
iteration: 2
-->pstar : 3.34096e-056
-->qstar : 1 2 3 4 5 5 5 5 5 5 5 5 5 5 5 5 5 5 5 5 5 5 5 5 5 5 5 5 5 5 5 5 5 5 5 
iteration: 3
-->pstar : 1.02881e-061
-->qstar : 1 1 1 1 1 1 2 3 3 3 3 3 3 3 3 3 4 5 5 5 5 5 5 5 5 5 5 5 5 5 5 5 5 5 5 
-------------------------------Final Model Lambda (Pi, A, B) after iterations 3--------------------------------
---------------A Matrix----------------
7.939388e-001   2.060612e-001   0.000000e+000   0.000000e+000   0.000000e+000   
0.000000e+000   7.358452e-001   2.641548e-001   0.000000e+000   0.000000e+000   
0.000000e+000   0.000000e+000   8.158471e-001   1.841529e-001   0.000000e+000   
0.000000e+000   0.000000e+000   0.000000e+000   8.296819e-001   1.703181e-001   
0.000000e+000   0.000000e+000   0.000000e+000   0.000000e+000   1.000000e+000   
---------------B Matrix----------------
1.000000e-030   1.000000e-030   1.000000e-030   1.000000e-030   1.000000e-030   1.000000e-030   1.000000e-030   1.154426e-004   1.000000e-030   1.000000e-030   1.210951e-001   1.000000e-030   1.000000e-030   8.883950e-003   1.000000e-030   1.000000e-030   7.852586e-011   9.237996e-010   2.759679e-003   1.078101e-007   1.359489e-020   3.874720e-027   2.458384e-005   1.858855e-001   1.000000e-030   1.000000e-030   1.000000e-030   1.000000e-030   1.000000e-030   3.229544e-002   2.060612e-001   4.428790e-001   
1.000000e-030   1.000000e-030   1.000000e-030   1.000000e-030   1.000000e-030   1.000000e-030   1.000000e-030   4.914085e-002   1.000000e-030   1.000000e-030   1.076181e-001   1.000000e-030   1.000000e-030   1.878541e-001   1.000000e-030   1.000000e-030   1.634677e-004   5.231819e-004   1.886213e-001   4.022894e-003   8.860712e-010   1.719221e-013   2.916199e-002   2.585614e-002   1.000000e-030   1.000000e-030   1.000000e-030   1.000000e-030   1.000000e-030   1.894343e-001   1.000000e-030   2.176037e-001   
1.000000e-030   1.000000e-030   1.000000e-030   1.000000e-030   1.000000e-030   1.000000e-030   1.000000e-030   1.839629e-001   1.000000e-030   1.000000e-030   9.074921e-004   1.000000e-030   1.000000e-030   2.756911e-001   1.000000e-030   1.000000e-030   2.511550e-002   3.929368e-002   2.445913e-001   8.093479e-002   4.082947e-005   1.796879e-007   1.213959e-001   5.265322e-006   1.000000e-030   1.000000e-030   1.000000e-030   1.000000e-030   1.000000e-030   2.310001e-002   1.000000e-030   4.961064e-003   
1.000000e-030   1.000000e-030   1.000000e-030   1.000000e-030   1.000000e-030   1.000000e-030   1.000000e-030   1.293687e-001   1.000000e-030   1.000000e-030   9.866240e-008   1.000000e-030   1.000000e-030   1.215641e-001   1.000000e-030   1.000000e-030   1.467344e-001   1.131714e-001   3.528241e-001   8.773087e-002   9.924642e-003   1.848073e-004   3.837318e-002   1.000000e-030   1.000000e-030   1.000000e-030   1.000000e-030   1.000000e-030   1.000000e-030   1.191923e-004   1.000000e-030   4.522200e-006   
1.000000e-030   1.000000e-030   1.000000e-030   1.000000e-030   1.000000e-030   1.000000e-030   1.000000e-030   3.912403e-003   1.000000e-030   1.000000e-030   4.551895e-016   1.000000e-030   1.000000e-030   1.447310e-001   1.000000e-030   1.000000e-030   3.557124e-001   8.555485e-003   1.332195e-001   2.152682e-003   2.091988e-001   7.104211e-002   7.147564e-002   1.000000e-030   1.000000e-030   1.000000e-030   1.000000e-030   1.000000e-030   1.000000e-030   1.943088e-009   1.000000e-030   1.929234e-012   
---------------Pi values----------------
1.000000e+000   0.000000e+000   0.000000e+000   0.000000e+000   0.000000e+000   
------------------------------------------------ opening file input/recordings/quora/rec_16.txt ------------------------------------------------
->obs seq:   11   12   12   11   23   12   11   11   13   20   23    8   23   13   23   19   18   17   23    8    8   22   21   21   21   19   23   17   17   17   17   22   24   24    9 
iteration: 2
-->pstar : 3.34096e-056
-->qstar : 1 2 3 4 5 5 5 5 5 5 5 5 5 5 5 5 5 5 5 5 5 5 5 5 5 5 5 5 5 5 5 5 5 5 5 
iteration: 3
-->pstar : 5.87574e-061
-->qstar : 1 1 1 1 1 1 1 1 2 3 3 3 3 3 3 4 4 5 5 5 5 5 5 5 5 5 5 5 5 5 5 5 5 5 5 
-------------------------------Final Model Lambda (Pi, A, B) after iterations 3--------------------------------
---------------A Matrix----------------
8.389021e-001   1.610979e-001   0.000000e+000   0.000000e+000   0.000000e+000   
0.000000e+000   7.418407e-001   2.581593e-001   0.000000e+000   0.000000e+000   
0.000000e+000   0.000000e+000   7.673729e-001   2.326271e-001   0.000000e+000   
0.000000e+000   0.000000e+000   0.000000e+000   8.032272e-001   1.967728e-001   
0.000000e+000   0.000000e+000   0.000000e+000   0.000000e+000   1.000000e+000   
---------------B Matrix----------------
1.000000e-030   1.000000e-030   1.000000e-030   1.000000e-030   1.000000e-030   1.000000e-030   1.000000e-030   2.926406e-004   1.000000e-030   1.000000e-030   4.425321e-001   4.156554e-001   1.682483e-002   1.000000e-030   1.000000e-030   1.000000e-030   1.079069e-009   1.323249e-008   1.792431e-007   4.837268e-003   2.422269e-016   8.784079e-015   1.198576e-001   1.742173e-031   1.000000e-030   1.000000e-030   1.000000e-030   1.000000e-030   1.000000e-030   1.000000e-030   1.000000e-030   1.000000e-030   
1.000000e-030   1.000000e-030   1.000000e-030   1.000000e-030   1.000000e-030   1.000000e-030   1.000000e-030   5.719805e-002   1.000000e-030   1.000000e-030   2.932071e-001   1.063063e-001   1.905171e-001   1.000000e-030   1.000000e-030   1.000000e-030   2.374967e-004   8.074624e-004   2.662383e-003   1.406072e-001   9.997106e-008   5.917605e-007   2.084561e-001   9.376114e-017   1.000000e-030   1.000000e-030   1.000000e-030   1.000000e-030   1.000000e-030   1.000000e-030   1.000000e-030   1.000000e-030   
1.000000e-030   1.000000e-030   1.000000e-030   1.000000e-030   1.000000e-030   1.000000e-030   1.000000e-030   1.580309e-001   1.000000e-030   1.000000e-030   2.713635e-002   1.876742e-003   1.844453e-001   1.000000e-030   1.000000e-030   1.000000e-030   2.624831e-002   4.388280e-002   6.984919e-002   9.410626e-002   7.609393e-004   1.315685e-003   3.923475e-001   1.671098e-009   1.000000e-030   1.000000e-030   1.000000e-030   1.000000e-030   1.000000e-030   1.000000e-030   1.000000e-030   1.000000e-030   
1.000000e-030   1.000000e-030   1.000000e-030   1.000000e-030   1.000000e-030   1.000000e-030   1.000000e-030   1.968543e-001   1.000000e-030   1.000000e-030   1.205203e-004   1.006916e-006   6.971092e-002   1.000000e-030   1.000000e-030   1.000000e-030   1.156092e-001   1.240576e-001   1.244572e-001   4.087615e-003   5.565686e-002   4.094426e-002   2.684838e-001   1.672116e-005   1.000000e-030   1.000000e-030   1.000000e-030   1.000000e-030   1.000000e-030   1.000000e-030   1.000000e-030   1.000000e-030   
1.000000e-030   1.000000e-030   1.000000e-030   1.000000e-030   1.000000e-030   1.000000e-030   1.000000e-030   7.544830e-002   1.000000e-030   1.000000e-030   2.340339e-010   1.993001e-014   7.177676e-004   1.000000e-030   1.000000e-030   1.000000e-030   2.956813e-001   1.222858e-002   7.270024e-002   7.044268e-007   1.866703e-001   1.228655e-001   9.612636e-002   1.375609e-001   1.000000e-030   1.000000e-030   1.000000e-030   1.000000e-030   1.000000e-030   1.000000e-030   1.000000e-030   1.000000e-030   
---------------Pi values----------------
1.000000e+000   0.000000e+000   0.000000e+000   0.000000e+000   0.000000e+000   
------------------------------------------------ opening file input/recordings/quora/rec_17.txt ------------------------------------------------
->obs seq:   12   24   30   11   12   12   12   13   13   13   13   13   13   13   13   18   17   18   19   14   19   19   18   17   17   17   17   17   17   14   17   14   24   24    9 
iteration: 2
-->pstar : 3.34096e-056
-->qstar : 1 2 3 4 5 5 5 5 5 5 5 5 5 5 5 5 5 5 5 5 5 5 5 5 5 5 5 5 5 5 5 5 5 5 5 
iteration: 3
-->pstar : 1.40446e-054
-->qstar : 1 1 1 1 1 1 1 2 3 3 3 3 3 3 3 4 5 5 5 5 5 5 5 5 5 5 5 5 5 5 5 5 5 5 5 
iteration: 4
-->pstar : 1.39753e-050
-->qstar : 1 1 1 1 1 1 1 2 3 3 3 3 3 3 3 4 5 5 5 5 5 5 5 5 5 5 5 5 5 5 5 5 5 5 5 
iteration: 5
-->pstar : 2.51069e-049
-->qstar : 1 1 1 1 1 1 1 2 3 3 3 3 3 3 3 4 4 4 4 4 4 4 4 5 5 5 5 5 5 5 5 5 5 5 5 
iteration: 6
-->pstar : 3.69202e-048
-->qstar : 1 1 1 1 1 1 1 2 3 3 3 3 3 3 3 4 4 4 4 4 4 4 4 5 5 5 5 5 5 5 5 5 5 5 5 
iteration: 7
-->pstar : 2.3775e-047
-->qstar : 1 1 1 1 1 1 2 3 3 3 3 3 3 3 3 4 4 4 4 4 4 4 4 5 5 5 5 5 5 5 5 5 5 5 5 
iteration: 8
-->pstar : 4.66605e-047
-->qstar : 1 1 1 1 1 1 2 3 3 3 3 3 3 3 3 4 4 4 4 4 4 4 4 5 5 5 5 5 5 5 5 5 5 5 5 
iteration: 9
-->pstar : 7.74307e-047
-->qstar : 1 1 1 1 2 2 2 3 3 3 3 3 3 3 3 4 4 4 4 4 4 4 4 5 5 5 5 5 5 5 5 5 5 5 5 
iteration: 10
-->pstar : 1.55397e-046
-->qstar : 1 1 1 1 2 2 2 3 3 3 3 3 3 3 3 4 4 4 4 4 4 4 4 5 5 5 5 5 5 5 5 5 5 5 5 
iteration: 11
-->pstar : 2.1489e-046
-->qstar : 1 1 1 1 2 2 2 3 3 3 3 3 3 3 3 4 4 4 4 4 4 4 4 5 5 5 5 5 5 5 5 5 5 5 5 
iteration: 12
-->pstar : 2.4249e-046
-->qstar : 1 1 1 1 2 2 2 3 3 3 3 3 3 3 3 4 4 4 4 4 4 4 4 5 5 5 5 5 5 5 5 5 5 5 5 
iteration: 13
-->pstar : 2.52917e-046
-->qstar : 1 1 1 1 2 2 2 3 3 3 3 3 3 3 3 4 4 4 4 4 4 4 4 5 5 5 5 5 5 5 5 5 5 5 5 
iteration: 14
-->pstar : 2.56652e-046
-->qstar : 1 1 1 1 2 2 2 3 3 3 3 3 3 3 3 4 4 4 4 4 4 4 4 5 5 5 5 5 5 5 5 5 5 5 5 
iteration: 15
-->pstar : 2.57983e-046
-->qstar : 1 1 1 1 2 2 2 3 3 3 3 3 3 3 3 4 4 4 4 4 4 4 4 5 5 5 5 5 5 5 5 5 5 5 5 
iteration: 16
-->pstar : 2.58461e-046
-->qstar : 1 1 1 1 2 2 2 3 3 3 3 3 3 3 3 4 4 4 4 4 4 4 4 5 5 5 5 5 5 5 5 5 5 5 5 
iteration: 17
-->pstar : 2.58633e-046
-->qstar : 1 1 1 1 2 2 2 3 3 3 3 3 3 3 3 4 4 4 4 4 4 4 4 5 5 5 5 5 5 5 5 5 5 5 5 
iteration: 18
-->pstar : 2.58696e-046
-->qstar : 1 1 1 1 2 2 2 3 3 3 3 3 3 3 3 4 4 4 4 4 4 4 4 5 5 5 5 5 5 5 5 5 5 5 5 
iteration: 19
-->pstar : 2.58719e-046
-->qstar : 1 1 1 1 2 2 2 3 3 3 3 3 3 3 3 4 4 4 4 4 4 4 4 5 5 5 5 5 5 5 5 5 5 5 5 
iteration: 20
-->pstar : 2.58728e-046
-->qstar : 1 1 1 1 2 2 2 3 3 3 3 3 3 3 3 4 4 4 4 4 4 4 4 5 5 5 5 5 5 5 5 5 5 5 5 
iteration: 21
-->pstar : 2.58731e-046
-->qstar : 1 1 1 1 2 2 2 3 3 3 3 3 3 3 3 4 4 4 4 4 4 4 4 5 5 5 5 5 5 5 5 5 5 5 5 
iteration: 22
-->pstar : 2.58732e-046
-->qstar : 1 1 1 1 2 2 2 3 3 3 3 3 3 3 3 4 4 4 4 4 4 4 4 5 5 5 5 5 5 5 5 5 5 5 5 
iteration: 23
-->pstar : 2.58733e-046
-->qstar : 1 1 1 1 2 2 2 3 3 3 3 3 3 3 3 4 4 4 4 4 4 4 4 5 5 5 5 5 5 5 5 5 5 5 5 
iteration: 24
-->pstar : 2.58733e-046
-->qstar : 1 1 1 1 2 2 2 3 3 3 3 3 3 3 3 4 4 4 4 4 4 4 4 5 5 5 5 5 5 5 5 5 5 5 5 
iteration: 25
-->pstar : 2.58733e-046
-->qstar : 1 1 1 1 2 2 2 3 3 3 3 3 3 3 3 4 4 4 4 4 4 4 4 5 5 5 5 5 5 5 5 5 5 5 5 
iteration: 26
-->pstar : 2.58733e-046
-->qstar : 1 1 1 1 2 2 2 3 3 3 3 3 3 3 3 4 4 4 4 4 4 4 4 5 5 5 5 5 5 5 5 5 5 5 5 
iteration: 27
-->pstar : 2.58733e-046
-->qstar : 1 1 1 1 2 2 2 3 3 3 3 3 3 3 3 4 4 4 4 4 4 4 4 5 5 5 5 5 5 5 5 5 5 5 5 
iteration: 28
-->pstar : 2.58733e-046
-->qstar : 1 1 1 1 2 2 2 3 3 3 3 3 3 3 3 4 4 4 4 4 4 4 4 5 5 5 5 5 5 5 5 5 5 5 5 
iteration: 29
-->pstar : 2.58733e-046
-->qstar : 1 1 1 1 2 2 2 3 3 3 3 3 3 3 3 4 4 4 4 4 4 4 4 5 5 5 5 5 5 5 5 5 5 5 5 
iteration: 30
-->pstar : 2.58733e-046
-->qstar : 1 1 1 1 2 2 2 3 3 3 3 3 3 3 3 4 4 4 4 4 4 4 4 5 5 5 5 5 5 5 5 5 5 5 5 
iteration: 31
-->pstar : 2.58733e-046
-->qstar : 1 1 1 1 2 2 2 3 3 3 3 3 3 3 3 4 4 4 4 4 4 4 4 5 5 5 5 5 5 5 5 5 5 5 5 
iteration: 32
-->pstar : 2.58733e-046
-->qstar : 1 1 1 1 2 2 2 3 3 3 3 3 3 3 3 4 4 4 4 4 4 4 4 5 5 5 5 5 5 5 5 5 5 5 5 
iteration: 33
-->pstar : 2.58733e-046
-->qstar : 1 1 1 1 2 2 2 3 3 3 3 3 3 3 3 4 4 4 4 4 4 4 4 5 5 5 5 5 5 5 5 5 5 5 5 
iteration: 34
-->pstar : 2.58733e-046
-->qstar : 1 1 1 1 2 2 2 3 3 3 3 3 3 3 3 4 4 4 4 4 4 4 4 5 5 5 5 5 5 5 5 5 5 5 5 
iteration: 35
-->pstar : 2.58733e-046
-->qstar : 1 1 1 1 2 2 2 3 3 3 3 3 3 3 3 4 4 4 4 4 4 4 4 5 5 5 5 5 5 5 5 5 5 5 5 
iteration: 36
-->pstar : 2.58733e-046
-->qstar : 1 1 1 1 2 2 2 3 3 3 3 3 3 3 3 4 4 4 4 4 4 4 4 5 5 5 5 5 5 5 5 5 5 5 5 
iteration: 37
-->pstar : 2.58733e-046
-->qstar : 1 1 1 1 2 2 2 3 3 3 3 3 3 3 3 4 4 4 4 4 4 4 4 5 5 5 5 5 5 5 5 5 5 5 5 
iteration: 38
-->pstar : 2.58733e-046
-->qstar : 1 1 1 1 2 2 2 3 3 3 3 3 3 3 3 4 4 4 4 4 4 4 4 5 5 5 5 5 5 5 5 5 5 5 5 
iteration: 39
-->pstar : 2.58733e-046
-->qstar : 1 1 1 1 2 2 2 3 3 3 3 3 3 3 3 4 4 4 4 4 4 4 4 5 5 5 5 5 5 5 5 5 5 5 5 
iteration: 40
-->pstar : 2.58733e-046
-->qstar : 1 1 1 1 2 2 2 3 3 3 3 3 3 3 3 4 4 4 4 4 4 4 4 5 5 5 5 5 5 5 5 5 5 5 5 
iteration: 41
-->pstar : 2.58733e-046
-->qstar : 1 1 1 1 2 2 2 3 3 3 3 3 3 3 3 4 4 4 4 4 4 4 4 5 5 5 5 5 5 5 5 5 5 5 5 
iteration: 42
-->pstar : 2.58733e-046
-->qstar : 1 1 1 1 2 2 2 3 3 3 3 3 3 3 3 4 4 4 4 4 4 4 4 5 5 5 5 5 5 5 5 5 5 5 5 
iteration: 43
-->pstar : 2.58733e-046
-->qstar : 1 1 1 1 2 2 2 3 3 3 3 3 3 3 3 4 4 4 4 4 4 4 4 5 5 5 5 5 5 5 5 5 5 5 5 
iteration: 44
-->pstar : 2.58733e-046
-->qstar : 1 1 1 1 2 2 2 3 3 3 3 3 3 3 3 4 4 4 4 4 4 4 4 5 5 5 5 5 5 5 5 5 5 5 5 
iteration: 45
-->pstar : 2.58733e-046
-->qstar : 1 1 1 1 2 2 2 3 3 3 3 3 3 3 3 4 4 4 4 4 4 4 4 5 5 5 5 5 5 5 5 5 5 5 5 
iteration: 46
-->pstar : 2.58733e-046
-->qstar : 1 1 1 1 2 2 2 3 3 3 3 3 3 3 3 4 4 4 4 4 4 4 4 5 5 5 5 5 5 5 5 5 5 5 5 
iteration: 47
-->pstar : 2.58733e-046
-->qstar : 1 1 1 1 2 2 2 3 3 3 3 3 3 3 3 4 4 4 4 4 4 4 4 5 5 5 5 5 5 5 5 5 5 5 5 
iteration: 48
-->pstar : 2.58733e-046
-->qstar : 1 1 1 1 2 2 2 3 3 3 3 3 3 3 3 4 4 4 4 4 4 4 4 5 5 5 5 5 5 5 5 5 5 5 5 
iteration: 49
-->pstar : 2.58733e-046
-->qstar : 1 1 1 1 2 2 2 3 3 3 3 3 3 3 3 4 4 4 4 4 4 4 4 5 5 5 5 5 5 5 5 5 5 5 5 
iteration: 50
-->pstar : 2.58733e-046
-->qstar : 1 1 1 1 2 2 2 3 3 3 3 3 3 3 3 4 4 4 4 4 4 4 4 5 5 5 5 5 5 5 5 5 5 5 5 
iteration: 51
-->pstar : 2.58733e-046
-->qstar : 1 1 1 1 2 2 2 3 3 3 3 3 3 3 3 4 4 4 4 4 4 4 4 5 5 5 5 5 5 5 5 5 5 5 5 
iteration: 52
-->pstar : 2.58733e-046
-->qstar : 1 1 1 1 2 2 2 3 3 3 3 3 3 3 3 4 4 4 4 4 4 4 4 5 5 5 5 5 5 5 5 5 5 5 5 
iteration: 53
-->pstar : 2.58733e-046
-->qstar : 1 1 1 1 2 2 2 3 3 3 3 3 3 3 3 4 4 4 4 4 4 4 4 5 5 5 5 5 5 5 5 5 5 5 5 
iteration: 54
-->pstar : 2.58733e-046
-->qstar : 1 1 1 1 2 2 2 3 3 3 3 3 3 3 3 4 4 4 4 4 4 4 4 5 5 5 5 5 5 5 5 5 5 5 5 
iteration: 55
-->pstar : 2.58733e-046
-->qstar : 1 1 1 1 2 2 2 3 3 3 3 3 3 3 3 4 4 4 4 4 4 4 4 5 5 5 5 5 5 5 5 5 5 5 5 
iteration: 56
-->pstar : 2.58733e-046
-->qstar : 1 1 1 1 2 2 2 3 3 3 3 3 3 3 3 4 4 4 4 4 4 4 4 5 5 5 5 5 5 5 5 5 5 5 5 
iteration: 57
-->pstar : 2.58733e-046
-->qstar : 1 1 1 1 2 2 2 3 3 3 3 3 3 3 3 4 4 4 4 4 4 4 4 5 5 5 5 5 5 5 5 5 5 5 5 
iteration: 58
-->pstar : 2.58733e-046
-->qstar : 1 1 1 1 2 2 2 3 3 3 3 3 3 3 3 4 4 4 4 4 4 4 4 5 5 5 5 5 5 5 5 5 5 5 5 
iteration: 59
-->pstar : 2.58733e-046
-->qstar : 1 1 1 1 2 2 2 3 3 3 3 3 3 3 3 4 4 4 4 4 4 4 4 5 5 5 5 5 5 5 5 5 5 5 5 
iteration: 60
-->pstar : 2.58733e-046
-->qstar : 1 1 1 1 2 2 2 3 3 3 3 3 3 3 3 4 4 4 4 4 4 4 4 5 5 5 5 5 5 5 5 5 5 5 5 
iteration: 61
-->pstar : 2.58733e-046
-->qstar : 1 1 1 1 2 2 2 3 3 3 3 3 3 3 3 4 4 4 4 4 4 4 4 5 5 5 5 5 5 5 5 5 5 5 5 
iteration: 62
-->pstar : 2.58733e-046
-->qstar : 1 1 1 1 2 2 2 3 3 3 3 3 3 3 3 4 4 4 4 4 4 4 4 5 5 5 5 5 5 5 5 5 5 5 5 
iteration: 63
-->pstar : 2.58733e-046
-->qstar : 1 1 1 1 2 2 2 3 3 3 3 3 3 3 3 4 4 4 4 4 4 4 4 5 5 5 5 5 5 5 5 5 5 5 5 
iteration: 64
-->pstar : 2.58733e-046
-->qstar : 1 1 1 1 2 2 2 3 3 3 3 3 3 3 3 4 4 4 4 4 4 4 4 5 5 5 5 5 5 5 5 5 5 5 5 
iteration: 65
-->pstar : 2.58733e-046
-->qstar : 1 1 1 1 2 2 2 3 3 3 3 3 3 3 3 4 4 4 4 4 4 4 4 5 5 5 5 5 5 5 5 5 5 5 5 
iteration: 66
-->pstar : 2.58733e-046
-->qstar : 1 1 1 1 2 2 2 3 3 3 3 3 3 3 3 4 4 4 4 4 4 4 4 5 5 5 5 5 5 5 5 5 5 5 5 
iteration: 67
-->pstar : 2.58733e-046
-->qstar : 1 1 1 1 2 2 2 3 3 3 3 3 3 3 3 4 4 4 4 4 4 4 4 5 5 5 5 5 5 5 5 5 5 5 5 
iteration: 68
-->pstar : 2.58733e-046
-->qstar : 1 1 1 1 2 2 2 3 3 3 3 3 3 3 3 4 4 4 4 4 4 4 4 5 5 5 5 5 5 5 5 5 5 5 5 
iteration: 69
-->pstar : 2.58733e-046
-->qstar : 1 1 1 1 2 2 2 3 3 3 3 3 3 3 3 4 4 4 4 4 4 4 4 5 5 5 5 5 5 5 5 5 5 5 5 
iteration: 70
-->pstar : 2.58733e-046
-->qstar : 1 1 1 1 2 2 2 3 3 3 3 3 3 3 3 4 4 4 4 4 4 4 4 5 5 5 5 5 5 5 5 5 5 5 5 
iteration: 71
-->pstar : 2.58733e-046
-->qstar : 1 1 1 1 2 2 2 3 3 3 3 3 3 3 3 4 4 4 4 4 4 4 4 5 5 5 5 5 5 5 5 5 5 5 5 
iteration: 72
-->pstar : 2.58733e-046
-->qstar : 1 1 1 1 2 2 2 3 3 3 3 3 3 3 3 4 4 4 4 4 4 4 4 5 5 5 5 5 5 5 5 5 5 5 5 
iteration: 73
-->pstar : 2.58733e-046
-->qstar : 1 1 1 1 2 2 2 3 3 3 3 3 3 3 3 4 4 4 4 4 4 4 4 5 5 5 5 5 5 5 5 5 5 5 5 
iteration: 74
-->pstar : 2.58733e-046
-->qstar : 1 1 1 1 2 2 2 3 3 3 3 3 3 3 3 4 4 4 4 4 4 4 4 5 5 5 5 5 5 5 5 5 5 5 5 
iteration: 75
-->pstar : 2.58733e-046
-->qstar : 1 1 1 1 2 2 2 3 3 3 3 3 3 3 3 4 4 4 4 4 4 4 4 5 5 5 5 5 5 5 5 5 5 5 5 
iteration: 76
-->pstar : 2.58733e-046
-->qstar : 1 1 1 1 2 2 2 3 3 3 3 3 3 3 3 4 4 4 4 4 4 4 4 5 5 5 5 5 5 5 5 5 5 5 5 
iteration: 77
-->pstar : 2.58733e-046
-->qstar : 1 1 1 1 2 2 2 3 3 3 3 3 3 3 3 4 4 4 4 4 4 4 4 5 5 5 5 5 5 5 5 5 5 5 5 
iteration: 78
-->pstar : 2.58733e-046
-->qstar : 1 1 1 1 2 2 2 3 3 3 3 3 3 3 3 4 4 4 4 4 4 4 4 5 5 5 5 5 5 5 5 5 5 5 5 
iteration: 79
-->pstar : 2.58733e-046
-->qstar : 1 1 1 1 2 2 2 3 3 3 3 3 3 3 3 4 4 4 4 4 4 4 4 5 5 5 5 5 5 5 5 5 5 5 5 
iteration: 80
-->pstar : 2.58733e-046
-->qstar : 1 1 1 1 2 2 2 3 3 3 3 3 3 3 3 4 4 4 4 4 4 4 4 5 5 5 5 5 5 5 5 5 5 5 5 
iteration: 81
-->pstar : 2.58733e-046
-->qstar : 1 1 1 1 2 2 2 3 3 3 3 3 3 3 3 4 4 4 4 4 4 4 4 5 5 5 5 5 5 5 5 5 5 5 5 
iteration: 82
-->pstar : 2.58733e-046
-->qstar : 1 1 1 1 2 2 2 3 3 3 3 3 3 3 3 4 4 4 4 4 4 4 4 5 5 5 5 5 5 5 5 5 5 5 5 
iteration: 83
-->pstar : 2.58733e-046
-->qstar : 1 1 1 1 2 2 2 3 3 3 3 3 3 3 3 4 4 4 4 4 4 4 4 5 5 5 5 5 5 5 5 5 5 5 5 
iteration: 84
-->pstar : 2.58733e-046
-->qstar : 1 1 1 1 2 2 2 3 3 3 3 3 3 3 3 4 4 4 4 4 4 4 4 5 5 5 5 5 5 5 5 5 5 5 5 
iteration: 85
-->pstar : 2.58733e-046
-->qstar : 1 1 1 1 2 2 2 3 3 3 3 3 3 3 3 4 4 4 4 4 4 4 4 5 5 5 5 5 5 5 5 5 5 5 5 
iteration: 86
-->pstar : 2.58733e-046
-->qstar : 1 1 1 1 2 2 2 3 3 3 3 3 3 3 3 4 4 4 4 4 4 4 4 5 5 5 5 5 5 5 5 5 5 5 5 
iteration: 87
-->pstar : 2.58733e-046
-->qstar : 1 1 1 1 2 2 2 3 3 3 3 3 3 3 3 4 4 4 4 4 4 4 4 5 5 5 5 5 5 5 5 5 5 5 5 
iteration: 88
-->pstar : 2.58733e-046
-->qstar : 1 1 1 1 2 2 2 3 3 3 3 3 3 3 3 4 4 4 4 4 4 4 4 5 5 5 5 5 5 5 5 5 5 5 5 
iteration: 89
-->pstar : 2.58733e-046
-->qstar : 1 1 1 1 2 2 2 3 3 3 3 3 3 3 3 4 4 4 4 4 4 4 4 5 5 5 5 5 5 5 5 5 5 5 5 
iteration: 90
-->pstar : 2.58733e-046
-->qstar : 1 1 1 1 2 2 2 3 3 3 3 3 3 3 3 4 4 4 4 4 4 4 4 5 5 5 5 5 5 5 5 5 5 5 5 
iteration: 91
-->pstar : 2.58733e-046
-->qstar : 1 1 1 1 2 2 2 3 3 3 3 3 3 3 3 4 4 4 4 4 4 4 4 5 5 5 5 5 5 5 5 5 5 5 5 
iteration: 92
-->pstar : 2.58733e-046
-->qstar : 1 1 1 1 2 2 2 3 3 3 3 3 3 3 3 4 4 4 4 4 4 4 4 5 5 5 5 5 5 5 5 5 5 5 5 
iteration: 93
-->pstar : 2.58733e-046
-->qstar : 1 1 1 1 2 2 2 3 3 3 3 3 3 3 3 4 4 4 4 4 4 4 4 5 5 5 5 5 5 5 5 5 5 5 5 
iteration: 94
-->pstar : 2.58733e-046
-->qstar : 1 1 1 1 2 2 2 3 3 3 3 3 3 3 3 4 4 4 4 4 4 4 4 5 5 5 5 5 5 5 5 5 5 5 5 
iteration: 95
-->pstar : 2.58733e-046
-->qstar : 1 1 1 1 2 2 2 3 3 3 3 3 3 3 3 4 4 4 4 4 4 4 4 5 5 5 5 5 5 5 5 5 5 5 5 
iteration: 96
-->pstar : 2.58733e-046
-->qstar : 1 1 1 1 2 2 2 3 3 3 3 3 3 3 3 4 4 4 4 4 4 4 4 5 5 5 5 5 5 5 5 5 5 5 5 
iteration: 97
-->pstar : 2.58733e-046
-->qstar : 1 1 1 1 2 2 2 3 3 3 3 3 3 3 3 4 4 4 4 4 4 4 4 5 5 5 5 5 5 5 5 5 5 5 5 
iteration: 98
-->pstar : 2.58733e-046
-->qstar : 1 1 1 1 2 2 2 3 3 3 3 3 3 3 3 4 4 4 4 4 4 4 4 5 5 5 5 5 5 5 5 5 5 5 5 
iteration: 99
-->pstar : 2.58733e-046
-->qstar : 1 1 1 1 2 2 2 3 3 3 3 3 3 3 3 4 4 4 4 4 4 4 4 5 5 5 5 5 5 5 5 5 5 5 5 
iteration: 100
-->pstar : 2.58733e-046
-->qstar : 1 1 1 1 2 2 2 3 3 3 3 3 3 3 3 4 4 4 4 4 4 4 4 5 5 5 5 5 5 5 5 5 5 5 5 
iteration: 101
-->pstar : 2.58733e-046
-->qstar : 1 1 1 1 2 2 2 3 3 3 3 3 3 3 3 4 4 4 4 4 4 4 4 5 5 5 5 5 5 5 5 5 5 5 5 
iteration: 102
-->pstar : 2.58733e-046
-->qstar : 1 1 1 1 2 2 2 3 3 3 3 3 3 3 3 4 4 4 4 4 4 4 4 5 5 5 5 5 5 5 5 5 5 5 5 
iteration: 103
-->pstar : 2.58733e-046
-->qstar : 1 1 1 1 2 2 2 3 3 3 3 3 3 3 3 4 4 4 4 4 4 4 4 5 5 5 5 5 5 5 5 5 5 5 5 
iteration: 104
-->pstar : 2.58733e-046
-->qstar : 1 1 1 1 2 2 2 3 3 3 3 3 3 3 3 4 4 4 4 4 4 4 4 5 5 5 5 5 5 5 5 5 5 5 5 
iteration: 105
-->pstar : 2.58733e-046
-->qstar : 1 1 1 1 2 2 2 3 3 3 3 3 3 3 3 4 4 4 4 4 4 4 4 5 5 5 5 5 5 5 5 5 5 5 5 
iteration: 106
-->pstar : 2.58733e-046
-->qstar : 1 1 1 1 2 2 2 3 3 3 3 3 3 3 3 4 4 4 4 4 4 4 4 5 5 5 5 5 5 5 5 5 5 5 5 
iteration: 107
-->pstar : 2.58733e-046
-->qstar : 1 1 1 1 2 2 2 3 3 3 3 3 3 3 3 4 4 4 4 4 4 4 4 5 5 5 5 5 5 5 5 5 5 5 5 
iteration: 108
-->pstar : 2.58733e-046
-->qstar : 1 1 1 1 2 2 2 3 3 3 3 3 3 3 3 4 4 4 4 4 4 4 4 5 5 5 5 5 5 5 5 5 5 5 5 
iteration: 109
-->pstar : 2.58733e-046
-->qstar : 1 1 1 1 2 2 2 3 3 3 3 3 3 3 3 4 4 4 4 4 4 4 4 5 5 5 5 5 5 5 5 5 5 5 5 
iteration: 110
-->pstar : 2.58733e-046
-->qstar : 1 1 1 1 2 2 2 3 3 3 3 3 3 3 3 4 4 4 4 4 4 4 4 5 5 5 5 5 5 5 5 5 5 5 5 
iteration: 111
-->pstar : 2.58733e-046
-->qstar : 1 1 1 1 2 2 2 3 3 3 3 3 3 3 3 4 4 4 4 4 4 4 4 5 5 5 5 5 5 5 5 5 5 5 5 
iteration: 112
-->pstar : 2.58733e-046
-->qstar : 1 1 1 1 2 2 2 3 3 3 3 3 3 3 3 4 4 4 4 4 4 4 4 5 5 5 5 5 5 5 5 5 5 5 5 
iteration: 113
-->pstar : 2.58733e-046
-->qstar : 1 1 1 1 2 2 2 3 3 3 3 3 3 3 3 4 4 4 4 4 4 4 4 5 5 5 5 5 5 5 5 5 5 5 5 
iteration: 114
-->pstar : 2.58733e-046
-->qstar : 1 1 1 1 2 2 2 3 3 3 3 3 3 3 3 4 4 4 4 4 4 4 4 5 5 5 5 5 5 5 5 5 5 5 5 
iteration: 115
-->pstar : 2.58733e-046
-->qstar : 1 1 1 1 2 2 2 3 3 3 3 3 3 3 3 4 4 4 4 4 4 4 4 5 5 5 5 5 5 5 5 5 5 5 5 
iteration: 116
-->pstar : 2.58733e-046
-->qstar : 1 1 1 1 2 2 2 3 3 3 3 3 3 3 3 4 4 4 4 4 4 4 4 5 5 5 5 5 5 5 5 5 5 5 5 
iteration: 117
-->pstar : 2.58733e-046
-->qstar : 1 1 1 1 2 2 2 3 3 3 3 3 3 3 3 4 4 4 4 4 4 4 4 5 5 5 5 5 5 5 5 5 5 5 5 
iteration: 118
-->pstar : 2.58733e-046
-->qstar : 1 1 1 1 2 2 2 3 3 3 3 3 3 3 3 4 4 4 4 4 4 4 4 5 5 5 5 5 5 5 5 5 5 5 5 
iteration: 119
-->pstar : 2.58733e-046
-->qstar : 1 1 1 1 2 2 2 3 3 3 3 3 3 3 3 4 4 4 4 4 4 4 4 5 5 5 5 5 5 5 5 5 5 5 5 
iteration: 120
-->pstar : 2.58733e-046
-->qstar : 1 1 1 1 2 2 2 3 3 3 3 3 3 3 3 4 4 4 4 4 4 4 4 5 5 5 5 5 5 5 5 5 5 5 5 
iteration: 121
-->pstar : 2.58733e-046
-->qstar : 1 1 1 1 2 2 2 3 3 3 3 3 3 3 3 4 4 4 4 4 4 4 4 5 5 5 5 5 5 5 5 5 5 5 5 
iteration: 122
-->pstar : 2.58733e-046
-->qstar : 1 1 1 1 2 2 2 3 3 3 3 3 3 3 3 4 4 4 4 4 4 4 4 5 5 5 5 5 5 5 5 5 5 5 5 
iteration: 123
-->pstar : 2.58733e-046
-->qstar : 1 1 1 1 2 2 2 3 3 3 3 3 3 3 3 4 4 4 4 4 4 4 4 5 5 5 5 5 5 5 5 5 5 5 5 
iteration: 124
-->pstar : 2.58733e-046
-->qstar : 1 1 1 1 2 2 2 3 3 3 3 3 3 3 3 4 4 4 4 4 4 4 4 5 5 5 5 5 5 5 5 5 5 5 5 
iteration: 125
-->pstar : 2.58733e-046
-->qstar : 1 1 1 1 2 2 2 3 3 3 3 3 3 3 3 4 4 4 4 4 4 4 4 5 5 5 5 5 5 5 5 5 5 5 5 
iteration: 126
-->pstar : 2.58733e-046
-->qstar : 1 1 1 1 2 2 2 3 3 3 3 3 3 3 3 4 4 4 4 4 4 4 4 5 5 5 5 5 5 5 5 5 5 5 5 
iteration: 127
-->pstar : 2.58733e-046
-->qstar : 1 1 1 1 2 2 2 3 3 3 3 3 3 3 3 4 4 4 4 4 4 4 4 5 5 5 5 5 5 5 5 5 5 5 5 
iteration: 128
-->pstar : 2.58733e-046
-->qstar : 1 1 1 1 2 2 2 3 3 3 3 3 3 3 3 4 4 4 4 4 4 4 4 5 5 5 5 5 5 5 5 5 5 5 5 
iteration: 129
-->pstar : 2.58733e-046
-->qstar : 1 1 1 1 2 2 2 3 3 3 3 3 3 3 3 4 4 4 4 4 4 4 4 5 5 5 5 5 5 5 5 5 5 5 5 
iteration: 130
-->pstar : 2.58733e-046
-->qstar : 1 1 1 1 2 2 2 3 3 3 3 3 3 3 3 4 4 4 4 4 4 4 4 5 5 5 5 5 5 5 5 5 5 5 5 
iteration: 131
-->pstar : 2.58733e-046
-->qstar : 1 1 1 1 2 2 2 3 3 3 3 3 3 3 3 4 4 4 4 4 4 4 4 5 5 5 5 5 5 5 5 5 5 5 5 
iteration: 132
-->pstar : 2.58733e-046
-->qstar : 1 1 1 1 2 2 2 3 3 3 3 3 3 3 3 4 4 4 4 4 4 4 4 5 5 5 5 5 5 5 5 5 5 5 5 
iteration: 133
-->pstar : 2.58733e-046
-->qstar : 1 1 1 1 2 2 2 3 3 3 3 3 3 3 3 4 4 4 4 4 4 4 4 5 5 5 5 5 5 5 5 5 5 5 5 
iteration: 134
-->pstar : 2.58733e-046
-->qstar : 1 1 1 1 2 2 2 3 3 3 3 3 3 3 3 4 4 4 4 4 4 4 4 5 5 5 5 5 5 5 5 5 5 5 5 
iteration: 135
-->pstar : 2.58733e-046
-->qstar : 1 1 1 1 2 2 2 3 3 3 3 3 3 3 3 4 4 4 4 4 4 4 4 5 5 5 5 5 5 5 5 5 5 5 5 
iteration: 136
-->pstar : 2.58733e-046
-->qstar : 1 1 1 1 2 2 2 3 3 3 3 3 3 3 3 4 4 4 4 4 4 4 4 5 5 5 5 5 5 5 5 5 5 5 5 
iteration: 137
-->pstar : 2.58733e-046
-->qstar : 1 1 1 1 2 2 2 3 3 3 3 3 3 3 3 4 4 4 4 4 4 4 4 5 5 5 5 5 5 5 5 5 5 5 5 
iteration: 138
-->pstar : 2.58733e-046
-->qstar : 1 1 1 1 2 2 2 3 3 3 3 3 3 3 3 4 4 4 4 4 4 4 4 5 5 5 5 5 5 5 5 5 5 5 5 
iteration: 139
-->pstar : 2.58733e-046
-->qstar : 1 1 1 1 2 2 2 3 3 3 3 3 3 3 3 4 4 4 4 4 4 4 4 5 5 5 5 5 5 5 5 5 5 5 5 
iteration: 140
-->pstar : 2.58733e-046
-->qstar : 1 1 1 1 2 2 2 3 3 3 3 3 3 3 3 4 4 4 4 4 4 4 4 5 5 5 5 5 5 5 5 5 5 5 5 
iteration: 141
-->pstar : 2.58733e-046
-->qstar : 1 1 1 1 2 2 2 3 3 3 3 3 3 3 3 4 4 4 4 4 4 4 4 5 5 5 5 5 5 5 5 5 5 5 5 
iteration: 142
-->pstar : 2.58733e-046
-->qstar : 1 1 1 1 2 2 2 3 3 3 3 3 3 3 3 4 4 4 4 4 4 4 4 5 5 5 5 5 5 5 5 5 5 5 5 
iteration: 143
-->pstar : 2.58733e-046
-->qstar : 1 1 1 1 2 2 2 3 3 3 3 3 3 3 3 4 4 4 4 4 4 4 4 5 5 5 5 5 5 5 5 5 5 5 5 
iteration: 144
-->pstar : 2.58733e-046
-->qstar : 1 1 1 1 2 2 2 3 3 3 3 3 3 3 3 4 4 4 4 4 4 4 4 5 5 5 5 5 5 5 5 5 5 5 5 
iteration: 145
-->pstar : 2.58733e-046
-->qstar : 1 1 1 1 2 2 2 3 3 3 3 3 3 3 3 4 4 4 4 4 4 4 4 5 5 5 5 5 5 5 5 5 5 5 5 
iteration: 146
-->pstar : 2.58733e-046
-->qstar : 1 1 1 1 2 2 2 3 3 3 3 3 3 3 3 4 4 4 4 4 4 4 4 5 5 5 5 5 5 5 5 5 5 5 5 
iteration: 147
-->pstar : 2.58733e-046
-->qstar : 1 1 1 1 2 2 2 3 3 3 3 3 3 3 3 4 4 4 4 4 4 4 4 5 5 5 5 5 5 5 5 5 5 5 5 
iteration: 148
-->pstar : 2.58733e-046
-->qstar : 1 1 1 1 2 2 2 3 3 3 3 3 3 3 3 4 4 4 4 4 4 4 4 5 5 5 5 5 5 5 5 5 5 5 5 
iteration: 149
-->pstar : 2.58733e-046
-->qstar : 1 1 1 1 2 2 2 3 3 3 3 3 3 3 3 4 4 4 4 4 4 4 4 5 5 5 5 5 5 5 5 5 5 5 5 
iteration: 150
-->pstar : 2.58733e-046
-->qstar : 1 1 1 1 2 2 2 3 3 3 3 3 3 3 3 4 4 4 4 4 4 4 4 5 5 5 5 5 5 5 5 5 5 5 5 
iteration: 151
-->pstar : 2.58733e-046
-->qstar : 1 1 1 1 2 2 2 3 3 3 3 3 3 3 3 4 4 4 4 4 4 4 4 5 5 5 5 5 5 5 5 5 5 5 5 
iteration: 152
-->pstar : 2.58733e-046
-->qstar : 1 1 1 1 2 2 2 3 3 3 3 3 3 3 3 4 4 4 4 4 4 4 4 5 5 5 5 5 5 5 5 5 5 5 5 
iteration: 153
-->pstar : 2.58733e-046
-->qstar : 1 1 1 1 2 2 2 3 3 3 3 3 3 3 3 4 4 4 4 4 4 4 4 5 5 5 5 5 5 5 5 5 5 5 5 
iteration: 154
-->pstar : 2.58733e-046
-->qstar : 1 1 1 1 2 2 2 3 3 3 3 3 3 3 3 4 4 4 4 4 4 4 4 5 5 5 5 5 5 5 5 5 5 5 5 
-------------------------------Final Model Lambda (Pi, A, B) after iterations 154--------------------------------
---------------A Matrix----------------
7.775888e-001   2.224112e-001   0.000000e+000   0.000000e+000   0.000000e+000   
0.000000e+000   6.006108e-001   3.993892e-001   0.000000e+000   0.000000e+000   
0.000000e+000   0.000000e+000   8.750000e-001   1.250000e-001   0.000000e+000   
0.000000e+000   0.000000e+000   0.000000e+000   8.791701e-001   1.208299e-001   
0.000000e+000   0.000000e+000   0.000000e+000   0.000000e+000   1.000000e+000   
---------------B Matrix----------------
1.000000e-030   1.000000e-030   1.000000e-030   1.000000e-030   1.000000e-030   1.000000e-030   1.000000e-030   1.000000e-030   1.000000e-030   1.000000e-030   2.224112e-001   3.327664e-001   1.000000e-030   1.000000e-030   1.000000e-030   1.000000e-030   1.000000e-030   1.000000e-030   1.000000e-030   1.000000e-030   1.000000e-030   1.000000e-030   1.000000e-030   2.224112e-001   1.000000e-030   1.000000e-030   1.000000e-030   1.000000e-030   1.000000e-030   2.224112e-001   1.000000e-030   1.000000e-030   
1.000000e-030   1.000000e-030   1.000000e-030   1.000000e-030   1.000000e-030   1.000000e-030   1.000000e-030   1.000000e-030   1.000000e-030   1.000000e-030   1.170624e-015   1.000000e+000   3.584689e-080   1.000000e-030   1.000000e-030   1.000000e-030   1.000000e-030   1.000000e-030   1.000000e-030   1.000000e-030   1.000000e-030   1.000000e-030   1.000000e-030   4.405034e-242   1.000000e-030   1.000000e-030   1.000000e-030   1.000000e-030   1.000000e-030   1.268419e-212   1.000000e-030   1.000000e-030   
1.000000e-030   1.000000e-030   1.000000e-030   1.000000e-030   1.000000e-030   1.000000e-030   1.000000e-030   1.000000e-030   1.000000e-030   1.000000e-030   1.000000e-030   1.254310e-123   1.000000e+000   1.000000e-030   1.000000e-030   1.000000e-030   1.000000e-030   6.964440e-072   1.000000e-030   1.000000e-030   1.000000e-030   1.000000e-030   1.000000e-030   1.000000e-030   1.000000e-030   1.000000e-030   1.000000e-030   1.000000e-030   1.000000e-030   1.000000e-030   1.000000e-030   1.000000e-030   
1.000000e-030   1.000000e-030   1.000000e-030   1.000000e-030   1.000000e-030   1.000000e-030   1.000000e-030   1.000000e-030   1.000000e-030   1.000000e-030   1.000000e-030   1.000000e-030   5.707177e-139   1.208380e-001   1.000000e-030   1.000000e-030   1.541825e-001   3.624897e-001   3.624897e-001   1.000000e-030   1.000000e-030   1.000000e-030   1.000000e-030   5.105528e-267   1.000000e-030   1.000000e-030   1.000000e-030   1.000000e-030   1.000000e-030   1.000000e-030   1.000000e-030   1.000000e-030   
1.000000e-030   1.000000e-030   1.000000e-030   1.000000e-030   1.000000e-030   1.000000e-030   1.000000e-030   1.000000e-030   1.000000e-030   1.000000e-030   1.000000e-030   1.000000e-030   1.000000e-030   1.864930e-001   1.000000e-030   1.000000e-030   6.270077e-001   3.082690e-097   1.000000e-030   1.000000e-030   1.000000e-030   1.000000e-030   1.000000e-030   1.864992e-001   1.000000e-030   1.000000e-030   1.000000e-030   1.000000e-030   1.000000e-030   1.000000e-030   1.000000e-030   1.000000e-030   
---------------Pi values----------------
1.000000e+000   0.000000e+000   0.000000e+000   0.000000e+000   0.000000e+000   
------------------------------------------------ opening file input/recordings/quora/rec_18.txt ------------------------------------------------
->obs seq:   10   11   10   10   10   10   10   10   13   13    7    9   13   13   13   18   17   22   20   19   19   21   21   21   21   18   17   21   17   17   17   17   24   24    9 
iteration: 2
-->pstar : 3.34096e-056
-->qstar : 1 2 3 4 5 5 5 5 5 5 5 5 5 5 5 5 5 5 5 5 5 5 5 5 5 5 5 5 5 5 5 5 5 5 5 
iteration: 3
-->pstar : 4.74472e-029
-->qstar : 1 1 1 1 1 1 1 1 2 3 3 3 3 3 3 4 5 5 5 5 5 5 5 5 5 5 5 5 5 5 5 5 5 5 5 
iteration: 4
-->pstar : 1.16537e-027
-->qstar : 1 1 1 1 1 1 1 1 2 3 3 3 3 3 3 4 4 4 4 4 4 5 5 5 5 5 5 5 5 5 5 5 5 5 5 
iteration: 5
-->pstar : 7.21231e-036
-->qstar : 1 1 1 1 1 1 1 1 2 3 3 3 3 3 3 4 4 4 4 4 4 5 5 5 5 5 5 5 5 5 5 5 5 5 5 
-------------------------------Final Model Lambda (Pi, A, B) after iterations 5--------------------------------
---------------A Matrix----------------
8.612136e-001   1.387864e-001   0.000000e+000   0.000000e+000   0.000000e+000   
0.000000e+000   5.259192e-001   4.740808e-001   0.000000e+000   0.000000e+000   
0.000000e+000   0.000000e+000   8.269359e-001   1.730641e-001   0.000000e+000   
0.000000e+000   0.000000e+000   0.000000e+000   8.185023e-001   1.814977e-001   
0.000000e+000   0.000000e+000   0.000000e+000   0.000000e+000   1.000000e+000   
---------------B Matrix----------------
1.000000e-030   1.000000e-030   1.000000e-030   1.000000e-030   1.000000e-030   1.000000e-030   1.938821e-013   1.000000e-030   8.563647e-022   8.610468e-001   1.387864e-001   1.000000e-030   1.667977e-004   1.000000e-030   1.000000e-030   1.000000e-030   4.373709e-101   4.534358e-063   9.898199e-291   7.273704e-215   1.000000e-030   1.938098e-151   1.000000e-030   1.000000e-030   1.000000e-030   1.000000e-030   1.000000e-030   1.000000e-030   1.000000e-030   1.000000e-030   1.000000e-030   1.000000e-030   
1.000000e-030   1.000000e-030   1.000000e-030   1.000000e-030   1.000000e-030   1.000000e-030   6.542255e-002   1.000000e-030   1.524406e-002   3.771564e-001   2.231202e-007   1.000000e-030   5.421768e-001   1.000000e-030   1.000000e-030   1.000000e-030   6.320403e-018   1.807250e-009   7.783235e-071   4.514871e-048   1.238937e-132   2.202230e-030   1.000000e-030   1.000000e-030   1.000000e-030   1.000000e-030   1.000000e-030   1.000000e-030   1.000000e-030   1.000000e-030   1.000000e-030   1.000000e-030   
1.000000e-030   1.000000e-030   1.000000e-030   1.000000e-030   1.000000e-030   1.000000e-030   1.491815e-001   1.000000e-030   1.674975e-001   5.767373e-005   1.000000e-030   1.000000e-030   6.438685e-001   1.000000e-030   1.000000e-030   1.000000e-030   1.960630e-003   3.742201e-002   1.683659e-014   4.177267e-009   8.748523e-032   1.225790e-005   1.000000e-030   1.866636e-115   1.000000e-030   1.000000e-030   1.000000e-030   1.000000e-030   1.000000e-030   1.000000e-030   1.000000e-030   1.000000e-030   
1.000000e-030   1.000000e-030   1.000000e-030   1.000000e-030   1.000000e-030   1.000000e-030   5.466551e-010   1.000000e-030   1.836086e-006   4.501544e-026   1.000000e-030   1.000000e-030   2.445789e-002   1.000000e-030   1.000000e-030   1.000000e-030   1.793637e-001   1.422468e-001   2.864116e-001   1.802954e-001   5.851524e-003   1.813712e-001   1.000000e-030   6.223577e-018   1.000000e-030   1.000000e-030   1.000000e-030   1.000000e-030   1.000000e-030   1.000000e-030   1.000000e-030   1.000000e-030   
1.000000e-030   1.000000e-030   1.000000e-030   1.000000e-030   1.000000e-030   1.000000e-030   1.036525e-055   1.000000e-030   1.017342e-038   6.681901e-120   1.000000e-030   1.000000e-030   2.089668e-011   1.000000e-030   1.000000e-030   1.000000e-030   3.732381e-001   7.464339e-002   3.149518e-002   4.944053e-004   3.707997e-001   4.671178e-005   1.000000e-030   1.492825e-001   1.000000e-030   1.000000e-030   1.000000e-030   1.000000e-030   1.000000e-030   1.000000e-030   1.000000e-030   1.000000e-030   
---------------Pi values----------------
1.000000e+000   0.000000e+000   0.000000e+000   0.000000e+000   0.000000e+000   
------------------------------------------------ opening file input/recordings/quora/rec_19.txt ------------------------------------------------
->obs seq:   11   32   31   20   11   32   12   17   20   23    8   19   13   13   18   18   17   19   19   19   19   21   21   21   21   21   18   17   17   14   17   17   24   22    9 
iteration: 2
-->pstar : 3.34096e-056
-->qstar : 1 2 3 4 5 5 5 5 5 5 5 5 5 5 5 5 5 5 5 5 5 5 5 5 5 5 5 5 5 5 5 5 5 5 5 
iteration: 3
-->pstar : 2.70901e-062
-->qstar : 1 1 1 1 1 1 2 2 2 3 3 4 4 4 4 4 4 4 4 4 4 5 5 5 5 5 5 5 5 5 5 5 5 5 5 
-------------------------------Final Model Lambda (Pi, A, B) after iterations 3--------------------------------
---------------A Matrix----------------
8.268777e-001   1.731223e-001   0.000000e+000   0.000000e+000   0.000000e+000   
0.000000e+000   7.355000e-001   2.645000e-001   0.000000e+000   0.000000e+000   
0.000000e+000   0.000000e+000   7.727067e-001   2.272933e-001   0.000000e+000   
0.000000e+000   0.000000e+000   0.000000e+000   8.192646e-001   1.807354e-001   
0.000000e+000   0.000000e+000   0.000000e+000   0.000000e+000   1.000000e+000   
---------------B Matrix----------------
1.000000e-030   1.000000e-030   1.000000e-030   1.000000e-030   1.000000e-030   1.000000e-030   1.000000e-030   4.069308e-004   1.000000e-030   1.000000e-030   3.161836e-001   5.262602e-002   8.467111e-006   3.501424e-028   1.000000e-030   1.000000e-030   2.174481e-002   1.081096e-007   5.513497e-005   1.631711e-001   2.392884e-016   1.047098e-031   2.301219e-003   3.216092e-031   1.000000e-030   1.000000e-030   1.000000e-030   1.000000e-030   1.000000e-030   1.000000e-030   1.644605e-001   2.790421e-001   
1.000000e-030   1.000000e-030   1.000000e-030   1.000000e-030   1.000000e-030   1.000000e-030   1.000000e-030   7.673896e-002   1.000000e-030   1.000000e-030   4.543972e-002   1.721924e-001   2.518230e-002   2.226989e-014   1.000000e-030   1.000000e-030   1.898442e-001   4.094729e-003   3.651851e-002   2.066477e-001   2.065528e-007   1.047631e-016   1.294850e-001   2.114319e-016   1.000000e-030   1.000000e-030   1.000000e-030   1.000000e-030   1.000000e-030   1.000000e-030   1.322954e-002   1.006268e-001   
1.000000e-030   1.000000e-030   1.000000e-030   1.000000e-030   1.000000e-030   1.000000e-030   1.000000e-030   1.426600e-001   1.000000e-030   1.000000e-030   4.194808e-004   1.020976e-002   2.534897e-001   8.090933e-008   1.000000e-030   1.000000e-030   7.608619e-002   1.422894e-001   2.025151e-001   6.146154e-002   1.574688e-003   8.490805e-010   1.075328e-001   1.425400e-009   1.000000e-030   1.000000e-030   1.000000e-030   1.000000e-030   1.000000e-030   1.000000e-030   3.615468e-006   1.757676e-003   
1.000000e-030   1.000000e-030   1.000000e-030   1.000000e-030   1.000000e-030   1.000000e-030   1.000000e-030   1.442330e-002   1.000000e-030   1.000000e-030   3.370398e-008   1.601981e-005   1.390022e-001   2.255214e-004   1.000000e-030   1.000000e-030   1.091184e-001   2.131534e-001   4.143490e-001   1.047884e-003   1.043039e-001   3.447954e-006   4.347928e-003   8.152681e-006   1.000000e-030   1.000000e-030   1.000000e-030   1.000000e-030   1.000000e-030   1.000000e-030   1.000000e-030   9.744860e-007   
1.000000e-030   1.000000e-030   1.000000e-030   1.000000e-030   1.000000e-030   1.000000e-030   1.000000e-030   4.943014e-006   1.000000e-030   1.000000e-030   4.315942e-018   5.385550e-012   1.406567e-003   6.882934e-002   1.000000e-030   1.000000e-030   2.906962e-001   8.126176e-002   1.156464e-001   9.330478e-009   3.043283e-001   6.891404e-002   2.306930e-007   6.891225e-002   1.000000e-030   1.000000e-030   1.000000e-030   1.000000e-030   1.000000e-030   1.000000e-030   1.000000e-030   9.793512e-015   
---------------Pi values----------------
1.000000e+000   0.000000e+000   0.000000e+000   0.000000e+000   0.000000e+000   
------------------------------------------------ opening file input/recordings/quora/rec_20.txt ------------------------------------------------
->obs seq:   30   10   23   11   32   11   11   14   13   19    8    8   13   14   13   19   18   18   18   20   19   21   21   21   21   21   17   13   17   24   14   24   14   22    9 
iteration: 2
-->pstar : 3.34096e-056
-->qstar : 1 2 3 4 5 5 5 5 5 5 5 5 5 5 5 5 5 5 5 5 5 5 5 5 5 5 5 5 5 5 5 5 5 5 5 
iteration: 3
-->pstar : 1.80221e-063
-->qstar : 1 1 1 2 2 2 2 3 3 3 3 3 3 3 3 3 4 4 4 4 4 5 5 5 5 5 5 5 5 5 5 5 5 5 5 
-------------------------------Final Model Lambda (Pi, A, B) after iterations 3--------------------------------
---------------A Matrix----------------
7.766201e-001   2.233799e-001   0.000000e+000   0.000000e+000   0.000000e+000   
0.000000e+000   7.796204e-001   2.203796e-001   0.000000e+000   0.000000e+000   
0.000000e+000   0.000000e+000   8.228989e-001   1.771011e-001   0.000000e+000   
0.000000e+000   0.000000e+000   0.000000e+000   8.263741e-001   1.736259e-001   
0.000000e+000   0.000000e+000   0.000000e+000   0.000000e+000   1.000000e+000   
---------------B Matrix----------------
1.000000e-030   1.000000e-030   1.000000e-030   1.000000e-030   1.000000e-030   1.000000e-030   1.000000e-030   2.066600e-004   1.000000e-030   2.174689e-001   2.459338e-001   1.000000e-030   2.723370e-003   1.023224e-002   1.000000e-030   1.000000e-030   2.779693e-025   1.842052e-009   6.800612e-004   1.919503e-013   1.521589e-016   4.239843e-033   1.939529e-001   5.462204e-030   1.000000e-030   1.000000e-030   1.000000e-030   1.000000e-030   1.000000e-030   2.233799e-001   1.000000e-030   1.054220e-001   
1.000000e-030   1.000000e-030   1.000000e-030   1.000000e-030   1.000000e-030   1.000000e-030   1.000000e-030   8.834989e-002   1.000000e-030   5.831607e-003   3.871392e-001   1.000000e-030   1.372182e-001   1.575984e-001   1.000000e-030   1.000000e-030   2.454398e-012   9.287130e-004   7.917987e-002   8.679254e-006   2.221115e-007   3.821917e-017   2.902531e-002   2.438487e-015   1.000000e-030   1.000000e-030   1.000000e-030   1.000000e-030   1.000000e-030   1.000000e-030   1.000000e-030   1.147199e-001   
1.000000e-030   1.000000e-030   1.000000e-030   1.000000e-030   1.000000e-030   1.000000e-030   1.000000e-030   2.429985e-001   1.000000e-030   1.000000e-030   2.513554e-002   1.000000e-030   2.938532e-001   1.595405e-001   1.000000e-030   1.000000e-030   2.768040e-006   8.863678e-002   1.792397e-001   7.663013e-003   1.596052e-003   9.519515e-010   5.183059e-006   2.996909e-008   1.000000e-030   1.000000e-030   1.000000e-030   1.000000e-030   1.000000e-030   1.000000e-030   1.000000e-030   1.328775e-003   
1.000000e-030   1.000000e-030   1.000000e-030   1.000000e-030   1.000000e-030   1.000000e-030   1.000000e-030   3.909077e-002   1.000000e-030   1.000000e-030   7.183626e-005   1.000000e-030   1.194704e-001   5.625999e-002   1.000000e-030   1.000000e-030   3.376693e-003   3.616370e-001   1.936659e-001   1.075966e-001   1.186202e-001   5.679504e-006   1.000000e-030   2.048585e-004   1.000000e-030   1.000000e-030   1.000000e-030   1.000000e-030   1.000000e-030   1.000000e-030   1.000000e-030   1.071631e-007   
1.000000e-030   1.000000e-030   1.000000e-030   1.000000e-030   1.000000e-030   1.000000e-030   1.000000e-030   6.989526e-005   1.000000e-030   1.000000e-030   2.001350e-010   1.000000e-030   7.495301e-002   1.483231e-001   1.000000e-030   1.000000e-030   1.458438e-001   3.037606e-002   3.757040e-002   2.481650e-002   3.172209e-001   7.363612e-002   1.000000e-030   1.471902e-001   1.000000e-030   1.000000e-030   1.000000e-030   1.000000e-030   1.000000e-030   1.000000e-030   1.000000e-030   6.067983e-017   
---------------Pi values----------------
1.000000e+000   0.000000e+000   0.000000e+000   0.000000e+000   0.000000e+000   