0
0
-1
0
0
0
0
0
0
0
0
0
0
0
0
0
0
0
0
0
0
0
0
0
0
0
0
0
0
0
0
0
0
0
0
0
0
0
0
0
0
0
0
0
0
0
0
0
0
0
0
-1
0
0
0
0
0
0
0
0
-1
0
0
0
0
0
0
-1
0
0
-1
0
0
0
-1
0
0
0
0
-1
0
0
0
0
0
0
0
0
0
0
0
0
0
0
0
-1
0
0
0
-1
0
-1
0
-1
0
0
0
0
0
0
0
0
0
-1
0
0
0
0
0
0
0
0
0
0
0
0
0
0
0
0
0
0
-1
0
-1
0
0
0
0
0
0
0
0
0
0
0
0
0
0
0
0
0
0
0
0
0
0
0
0
0
0
0
0
0
0
0
0
0
0
0
0
0
-1
0
0
0
0
-1
0
0
0
0
-1
-1
0
0
0
0
0
0
0
0
0
0
-1
0
0
0
0
0
0
0
-1
0
0
0
0
0
0
0
0
0
0
0
0
0
0
0
0
0
0
0
0
-1
0
-1
0
-1
0
0
0
0
0
-1
0
-1
0
0
0
0
0
0
-1
0
-1
0
-1
0
0
0
0
-1
0
-1
0
0
0
0
0
0
0
0
0
0
0
0
0
0
0
-1
0
0
0
0
0
0
0
0
0
0
0
0
0
0
0
0
0
0
0
0
0
0
0
0
0
0
0
0
0
0
0
0
0
0
0
0
0
0
0
0
0
0
0
0
-1
0
0
0
0
0
0
0
0
0
0
0
0
0
0
0
0
-1
0
0
0
0
0
0
0
0
0
-1
0
0
0
0
0
0
0
0
0
-1
0
0
0
0
0
0
0
0
0
0
0
0
0
0
-1
0
0
0
0
0
0
0
0
0
0
-1
0
0
0
0
0
0
0
0
0
0
0
0
0
-1
0
0
0
0
0
0
0
0
0
0
0
-1
-1
0
0
0
0
0
0
-1
0
-1
0
0
0
0
0
0
0
0
-1
0
0
0
0
0
0
0
0
0
0
0
0
0
0
-1
0
0
0
0
0
0
0
0
0
0
0
0
0
-1
0
0
0
-1
0
0
0
0
-1
0
0
0
0
0
0
0
0
0
-1
0
0
-1
0
0
0
0
-1
0
0
0
0
0
0
0
0
0
0
0
0
0
0
0
0
0
0
0
0
-1
0
-1
0
-1
0
0
0
0
-1
0
0
0
0
0
0
0
0
0
0
0
0
0
0
0
0
0
0
0
0
0
0
0
0
-1
0
0
0
0
0
0
0
0
-1
0
-1
0
0
0
0
0
0
0
0
0
0
0
0
0
0
0
0
-1
0
-1
0
0
-1
0
0
0
0
-1
0
0
0
0
0
0
0
0
0
0
0
0
0
-1
0
0
0
0
0
0
-1
0
0
0
0
0
0
-1
0
-1
0
0
0
0
0
0
0
0
0
0
0
0
0
0
0
0
0
0
0
0
0
0
0
0
-1
0
0
0
0
0
0
0
0
0
-1
-1
0
0
0
0
0
-1
0
0
-1
0
0
0
-1
0
0
0
0
0
0
0
0
0
0
0
0
0
0
0
0
0
0
0
0
0
0
0
0
0
0
0
0
0
0
0
0
0
0
0
0
-1
0
0
0
-1
0
0
0
0
0
0
0
0
0
0
0
0
0
0
0
0
0
0
0
-1
0
0
0
0
-1
0
-1
0
0
-1
0
0
0
0
0
0
0
0
0
0
0
0
0
0
0
0
0
0
0
0
0
0
0
0
0
0
0
0
0
0
0
0
0
-1
0
0
0
0
0
0
0
-1
0
0
0
0
0
0
0
0
0
0
0
0
0
0
0
0
0
0
0
0
0
0
0
-1
0
0
0
0
0
0
0
0
0
0
0
0
0
-1
0
0
0
0
0
0
0
0
0
0
-1
-1
-1
-1
0
-1
0
0
0
0
0
0
-1
-1
0
-1
0
0
0
-1
0
0
0
0
0
0
0
0
0
0
0
0
0
0
0
0
0
0
0
0
0
0
0
0
0
0
0
0
0
0
0
0
0
0
0
0
0
0
0
0
0
0
0
0
-1
0
0
0
0
0
0
0
0
0
0
0
0
0
0
0
0
0
0
0
0
0
0
0
0
0
0
0
0
0
0
0
0
0
0
-1
0
0
0
0
0
0
0
0
0
0
0
0
0
0
0
0
0
0
0
0
0
0
-1
0
0
0
0
0
0
0
0
0
0
0
0
0
0
-1
-1
0
0
0
0
0
0
0
0
0
0
-1
0
0
0
0
0
0
0
0
0
-1
0
0
0
0
0
0
-1
0
-1
-1
0
0
0
0
0
0
0
0
0
0
0
0
0
0
0
0
0
-1
0
0
0
0
0
0
0
0
0
0
0
0
0
0
0
0
0
0
0
0
0
0
0
0
0
0
0
0
-1
0
0
0
0
0
0
0
0
0
0
0
0
-1
0
0
0
0
0
0
0
0
-1
0
0
0
0
0
0
0
0
-1
-1
0
0
0
0
0
0
0
0
0
0
0
-1
0
0
0
0
0
0
0
0
0
0
-1
-1
0
0
0
-1
0
0
0
0
0
-1
0
0
0
0
-1
0
0
0
0
0
0
0
0
0
0
0
0
0
0
-1
0
0
0
0
0
0
0
0
0
0
0
-1
0
0
0
0
0
0
0
0
0
0
0
0
0
0
0
0
0
0
0
-1
0
0
0
0
0
0
0
0
0
0
0
0
0
0
0
0
0
0
0
0
0
0
0
0
0
0
0
0
0
0
-1
0
0
0
0
0
0
0
0
0
0
0
0
0
0
0
0
0
0
0
-1
0
0
0
0
0
0
0
0
0
0
-1
-1
-1
0
0
0
0
-1
0
0
0
0
0
0
0
0
0
0
0
0
0
0
0
0
0
0
0
-1
0
0
-1
0
0
0
0
0
0
0
-1
0
0
0
-1
0
-1
0
0
0
0
0
-1
0
0
0
0
0
0
-1
0
0
0
0
0
0
0
0
-1
-1
0
0
0
0
0
0
0
0
0
0
0
-1
0
0
0
0
0
0
0
0
0
0
0
0
0
0
0
-1
0
0
0
0
-1
-1
0
0
0
-1
0
-1
0
0
0
-1
0
0
0
0
0
0
0
0
0
0
0
0
0
0
0
0
0
0
0
0
0
0
0
0
0
0
0
0
0
0
0
0
0
0
-1
0
0
0
0
0
0
0
0
0
0
0
-1
0
0
0
-1
-1
0
0
0
0
-1
0
0
0
0
0
0
-1
-1
0
0
-1
0
0
0
0
0
0
0
0
0
0
0
0
0
-1
0
0
0
0
0
0
-1
0
0
0
0
0
0
0
0
0
0
0
0
0
0
0
0
-1
0
0
-1
0
0
-1
0
0
0
0
0
0
0
0
0
0
0
-1
0
0
0
-1
-1
0
0
0
0
-1
0
0
0
-1
0
0
0
0
0
-1
0
0
0
0
0
0
0
0
0
0
0
-1
0
0
0
0
0
0
0
0
0
0
0
-1
0
0
-1
0
0
0
0
0
0
0
0
0
0
0
0
0
0
0
-1
0
0
0
0
0
0
0
-1
0
0
0
-1
0
0
-1
-1
0
0
0
0
0
0
0
-1
0
-1
0
0
0
0
0
0
0
0
0
0
0
0
0
-1
0
0
0
0
0
0
0
0
0
0
0
0
0
0
0
0
-1
0
-1
0
0
0
0
0
0
0
0
0
0
0
0
0
-1
-1
0
0
0
0
-1
0
0
0
0
0
0
0
0
0
-1
0
0
0
-1
0
0
0
0
-1
0
0
0
0
0
0
0
0
0
-1
0
0
0
0
0
0
0
0
0
-1
0
0
0
0
-1
0
0
0
-1
0
0
0
0
0
-1
0
-1
0
0
0
0
0
0
0
0
0
0
0
0
-1
0
0
0
0
0
0
0
0
0
0
-1
0
0
0
0
0
0
0
-1
-1
0
0
0
-1
0
0
0
0
0
0
0
0
0
0
0
0
0
0
0
0
0
0
0
0
0
0
-1
0
0
0
0
0
0
0
0
0
0
0
-1
0
-1
0
0
0
0
0
-1
0
0
0
0
0
0
0
0
0
0
0
0
0
-1
0
0
-1
0
0
0
0
0
0
0
0
0
0
0
0
0
-1
0
0
0
0
0
0
0
0
-1
0
0
0
0
-1
0
-1
0
0
0
0
0
-1
0
0
-1
0
0
0
0
0
0
0
0
0
0
0
0
0
0
0
0
0
0
0
0
0
0
0
0
0
0
0
0
0
0
0
0
0
0
0
-1
0
0
0
-1
-1
0
0
0
0
0
0
0
0
0
0
0
0
0
0
0
0
0
0
0
0
0
0
0
0
0
-1
0
0
0
0
0
0
0
-1
-1
0
0
0
0
0
0
0
-1
0
0
0
0
0
0
0
0
-1
0
0
0
0
0
0
0
0
0
0
-1
0
0
0
0
0
0
0
0
0
0
0
0
0
0
0
0
0
0
0
0
0
0
0
0
0
0
0
0
0
0
0
0
0
0
0
0
0
0
0
-1
0
0
0
0
-1
0
0
0
0
0
0
-1
0
0
-1
0
0
0
-1
0
0
0
0
0
0
0
0
0
0
0
0
0
0
-1
0
-1
0
0
0
0
0
0
0
0
0
0
0
0
0
0
0
0
0
0
0
0
0
0
0
0
0
0
0
0
0
0
0
-1
0
0
0
0
0
0
0
0
0
0
0
0
0
0
0
0
0
-1
0
0
0
0
0
0
0
0
0
0
-1
0
0
0
0
0
0
0
0
0
0
-1
0
0
0
0
-1
0
0
0
0
-1
0
0
0
0
0
0
0
0
0
0
0
0
0
-1
0
0
0
0
0
0
0
0
0
0
0
0
0
0
0
0
0
0
0
0
0
-1
0
0
0
0
0
0
0
0
-1
0
-1
-1
0
0
0
0
0
0
0
0
0
0
-1
0
-1
0
0
0
0
0
0
-1
0
0
0
0
0
0
0
0
0
0
0
0
0
0
0
0
0
0
0
0
-1
0
0
0
0
0
0
0
0
0
0
0
0
0
0
0
0
0
0
0
0
0
0
0
0
0
0
0
0
0
0
-1
-1
0
0
0
0
0
-1
-1
0
-1
0
-1
0
-1
1
-2
2
-3
3
-5
5
-7
8
-13
22
-94
-370
-430
-515
-572
-620
-633
-630
-620
-615
-633
-687
-771
-833
-840
-817
-814
-834
-861
-882
-899
-908
-915
-923
-935
-951
-946
-911
-850
-782
-713
-671
-642
-615
-566
-500
-432
-375
-319
-270
-229
-204
-176
-134
-81
-18
48
115
177
242
299
370
451
546
654
760
850
887
855
762
635
493
356
231
134
70
33
26
51
98
142
187
246
303
293
163
-60
-311
-541
-722
-822
-833
-796
-779
-779
-746
-679
-608
-563
-531
-507
-499
-477
-390
-217
13
243
440
599
718
796
847
884
910
918
925
969
1062
1158
1197
1165
1094
1000
892
796
736
704
650
550
420
301
209
141
96
64
23
-49
-143
-238
-322
-407
-503
-606
-702
-777
-819
-822
-795
-759
-733
-712
-690
-659
-625
-584
-552
-525
-507
-495
-475
-461
-443
-432
-421
-412
-413
-414
-405
-374
-335
-298
-282
-270
-263
-245
-215
-181
-151
-137
-128
-118
-97
-67
-36
-6
18
44
69
98
129
159
188
209
225
237
249
268
293
325
363
414
492
616
804
1049
1316
1536
1637
1576
1356
1027
662
324
53
-149
-300
-421
-519
-594
-646
-692
-752
-841
-950
-1048
-1102
-1085
-995
-851
-683
-514
-354
-206
-66
75
225
391
565
725
851
928
966
979
975
945
876
778
665
560
460
362
255
143
35
-58
-122
-159
-179
-202
-230
-268
-295
-311
-314
-316
-334
-361
-400
-430
-443
-434
-414
-392
-381
-378
-380
-376
-367
-353
-347
-341
-349
-345
-347
-328
-317
-299
-283
-262
-231
-198
-156
-123
-91
-71
-50
-34
-13
9
37
68
92
117
136
158
184
211
237
251
262
264
271
274
282
285
285
290
300
317
336
349
358
360
365
372
390
413
437
445
420
346
223
63
-112
-272
-391
-464
-502
-512
-502
-486
-480
-487
-513
-562
-631
-703
-754
-772
-744
-665
-545
-402
-254
-108
34
176
327
480
619
731
809
848
862
860
843
813
761
690
599
499
394
284
188
96
32
-12
-33
-33
-35
-40
-63
-88
-124
-153
-181
-194
-201
-198
-193
-181
-165
-145
-122
-106
-84
-79
-68
-68
-69
-78
-91
-106
-121
-134
-137
-135
-130
-123
-127
-132
-150
-167
-189
-207
-219
-225
-221
-220
-203
-196
-175
-161
-146
-130
-116
-96
-78
-52
-35
-17
-13
-7
-3
3
14
27
45
59
76
85
99
108
124
147
184
228
277
316
332
310
246
142
15
-131
-281
-407
-497
-544
-558
-543
-508
-474
-459
-463
-488
-532
-590
-643
-669
-655
-589
-462
-280
-59
178
419
650
861
1040
1177
1264
1300
1299
1282
1249
1211
1158
1074
943
785
606
442
284
146
23
-86
-170
-248
-307
-365
-430
-511
-587
-659
-703
-737
-741
-731
-719
-701
-672
-600
-486
-333
-201
-117
-110
-153
-215
-237
-228
-192
-179
-162
-104
61
299
544
637
547
384
363
651
1280
2027
2520
2596
2271
1776
1335
1057
870
630
235
-284
-811
-1249
-1598
-1899
-2183
-2395
-2430
-2196
-1742
-1212
-787
-569
-544
-627
-703
-720
-678
-603
-528
-453
-369
-270
-169
-91
-52
-64
-116
-197
-286
-373
-447
-488
-484
-436
-364
-284
-206
-144
-106
-87
-76
-75
-85
-92
-68
3
120
276
459
646
819
971
1106
1221
1320
1396
1457
1504
1548
1588
1611
1592
1504
1342
1115
871
633
445
290
173
82
15
-35
-85
-164
-303
-503
-755
-1027
-1276
-1470
-1583
-1609
-1542
-1378
-1085
-569
290
1288
2366
3485
4395
4901
4875
4348
3454
2333
1113
-92
-1155
-1972
-2462
-2669
-2744
-2823
-2911
-2899
-2754
-2517
-2278
-2088
-1991
-1958
-1947
-1901
-1819
-1713
-1622
-1571
-1567
-1577
-1543
-1385
-1048
-541
28
481
710
715
592
449
385
441
577
721
821
874
881
853
812
799
814
855
910
928
889
809
704
610
520
430
393
385
375
371
376
369
346
308
260
208
151
88
38
53
135
219
277
339
430
520
578
618
656
694
725
771
826
873
882
872
839
756
610
387
114
-155
-338
-438
-548
-711
-910
-1096
-1305
-1527
-1733
-1910
-1942
-1771
-1169
-324
581
1181
1257
568
-541
-1574
-1772
-1040
85
1118
3217
5000
4304
3646
2603
2089
898
561
557
70
-1343
-3896
-3867
-3847
-4362
-4447
-4092
-4604
-3498
-2708
-3424
-1659
-2324
-885
2908
1282
1970
3372
2854
2652
3369
2729
2471
2212
1246
-419
-717
1117
874
-904
-1889
-1667
-1492
-1624
-2069
-2316
-2080
-1657
-1253
-970
-810
-458
376
1341
1979
2379
3006
3354
3256
2584
1528
380
-615
-1058
-1359
-1378
-1230
-827
-472
-170
28
154
197
181
230
275
385
403
476
478
533
518
562
591
668
756
833
934
941
930
809
670
490
351
145
-60
-271
-425
-608
-791
-993
-1117
-1287
-1447
-1669
-1803
-1549
-1272
-1053
-832
-651
-482
-314
-262
161
627
-329
928
4846
4160
3306
2582
2102
-2152
-178
1191
-2625
-2184
-3435
-2496
-177
-247
-593
-321
147
969
-1089
-1868
-2718
-2505
-2538
-1602
-2127
293
2277
-1575
3707
1537
1996
3058
-127
-760
133
2241
1754
1528
1072
879
523
191
-146
-97
-124
-212
-1021
-719
-275
-545
-463
-613
-549
-647
-554
-886
-2350
-2102
-1461
-836
-125
-32
115
174
410
-103
21
273
-224
-436
18
668
904
863
704
651
619
583
531
473
427
414
432
481
556
668
776
845
871
877
843
765
663
542
442
356
246
141
24
-109
-249
-368
-424
-460
-484
-506
-527
-605
-680
-817
-912
-1088
-1265
-1524
-1743
-2020
-1983
-1881
-1194
303
2099
3669
3423
2097
2258
2027
1650
1898
1645
1173
1008
598
-1890
102
615
-221
456
-1351
-1838
-75
-62
-1606
-544
-3407
-4842
-3638
-2741
-2553
-738
2294
1934
1940
1491
1356
1080
887
731
502
476
-25
-3973
-3785
-2996
-1859
-1096
-1785
-1423
-942
-433
-412
-23
635
1406
1870
2099
1829
1554
1428
1523
1939
2134
1888
1653
1868
2447
1904
765
398
442
372
185
196
301
302
304
237
-18
-190
-250
-273
-230
-229
-385
-638
-764
-701
-584
-524
-602
-763
-950
-1094
-1118
-1068
-1004
-981
-988
-954
-881
-800
-732
-686
-672
-656
-630
-577
-469
-352
-227
-100
36
194
367
540
708
822
869
842
811
766
719
718
691
490
140
-279
-836
-1063
-155
1642
1788
1402
1473
1606
1356
1328
620
1169
1509
527
1132
526
525
-20
102
-537
-23
-2382
-3930
-850
-528
-46
-231
-316
-724
-412
-576
-624
-558
-635
-629
-653
-662
-615
-809
-728
-821
-1099
-1161
-1944
-2582
-1794
-669
-467
-434
-347
-177
16
323
568
771
849
825
849
949
988
937
868
784
664
564
519
536
580
615
624
576
519
452
401
364
332
320
303
322
376
448
481
472
440
386
356
348
393
443
452
417
357
296
259
264
291
317
317
277
195
106
30
-26
-86
-132
-155
-207
-291
-395
-506
-608
-687
-717
-696
-649
-602
-603
-610
-639
-591
-484
-313
-135
74
81
-159
-599
-794
-517
-449
-1274
-860
-824
-658
626
-87
-452
-359
-336
-321
-533
-1042
-1340
-1274
-982
-668
-533
-420
49
580
789
385
4
75
502
552
178
529
674
385
-281
-270
-248
-309
-231
223
801
886
661
193
51
468
1078
1533
1788
1847
1767
1590
1424
1350
1381
1385
1271
1017
724
486
319
215
124
40
-13
-10
-1
-12
-48
-152
-244
-294
-281
-220
-161
-145
-199
-286
-396
-510
-593
-619
-605
-603
-638
-703
-762
-802
-820
-809
-775
-707
-660
-629
-633
-643
-629
-627
-601
-523
-418
-333
-255
-286
-428
-716
-974
-986
-839
-585
-417
-415
-599
-933
-1155
-1121
-827
-461
-176
-115
-238
-404
-462
-282
46
419
671
724
694
706
843
1087
1403
1804
2154
2289
2312
2376
2407
2314
1858
1494
1314
1034
852
867
869
644
366
221
189
139
-19
-424
-866
-1214
-1647
-2203
-2186
-1659
-1326
-1158
-1044
-922
-774
-576
-362
-189
-106
-106
-94
-45
43
136
213
265
283
289
283
268
253
266
298
324
335
326
285
230
211
232
272
336
445
543
525
360
142
-118
-325
-400
-418
-451
-524
-546
-569
-519
-459
-523
-749
-1094
-1191
-1056
-836
-652
-609
-749
-1156
-1580
-1708
-1452
-1059
-781
-693
-838
-1052
-1171
-967
-462
62
437
549
533
575
771
1145
1534
1803
1896
1873
1813
1816
1901
1990
2027
1926
1799
1693
1593
1509
1348
1129
869
629
482
404
341
214
-19
-327
-573
-696
-714
-689
-708
-773
-915
-1062
-1101
-1029
-902
-807
-772
-769
-763
-715
-596
-443
-312
-215
-169
-132
-87
-40
8
22
20
25
28
31
20
-27
-88
-155
-207
-209
-185
-149
-135
-175
-217
-240
-225
-172
-123
-90
-82
-100
-70
3
-30
-266
-662
-954
-934
-727
-505
-408
-513
-805
-1194
-1385
-1138
-608
-152
-16
-185
-444
-599
-511
-98
450
825
860
628
430
463
719
1091
1404
1542
1501
1369
1313
1411
1583
1705
1696
1558
1376
1217
1113
1044
937
766
553
356
223
144
57
-93
-321
-565
-740
-815
-817
-822
-890
-1019
-1161
-1237
-1207
-1097
-979
-922
-928
-937
-882
-734
-519
-304
-142
-49
8
75
169
273
359
405
416
412
406
399
381
344
294
238
185
144
117
84
23
-52
-100
-102
-80
-67
-75
-106
-159
-164
-60
41
-92
-525
-974
-1083
-847
-553
-406
-442
-693
-1150
-1543
-1471
-908
-312
-111
-308
-639
-882
-888
-535
100
655
793
543
255
234
527
977
1381
1582
1532
1324
1149
1160
1349
1557
1619
1506
1316
1147
1018
904
802
705
583
422
261
142
38
-113
-317
-505
-616
-665
-706
-777
-881
-1008
-1120
-1153
-1070
-916
-793
-760
-783
-782
-704
-547
-345
-159
-45
-13
-12
25
123
247
351
412
434
434
428
428
438
446
432
385
317
260
226
189
118
35
0
18
24
-19
-70
-89
-110
-147
-121
-31
-87
-465
-983
-1221
-1027
-687
-519
-574
-788
-1159
-1559
-1632
-1177
-507
-171
-345
-734
-984
-955
-642
-90
485
749
572
219
110
409
925
1359
1552
1515
1341
1165
1139
1323
1589
1713
1593
1344
1145
1051
993
918
829
715
542
325
144
42
-44
-190
-379
-529
-610
-677
-788
-924
-1037
-1100
-1116
-1074
-975
-870
-829
-852
-853
-751
-556
-347
-192
-104
-63
-34
25
139
289
413
465
454
432
437
467
500
516
499
437
344
266
235
225
175
75
-13
-31
-10
-23
-67
-89
-95
-137
-178
-121
-68
-298
-839
-1273
-1204
-788
-512
-554
-761
-1059
-1467
-1730
-1441
-678
-96
-172
-672
-1049
-1055
-748
-221
395
788
702
282
2
200
773
1351
1639
1590
1348
1119
1064
1240
1552
1784
1755
1473
1136
946
932
970
937
810
626
413
195
23
-76
-145
-263
-435
-587
-679
-763
-891
-1031
-1109
-1104
-1054
-992
-932
-895
-893
-888
-810
-625
-396
-222
-147
-132
-101
-16
114
263
392
462
459
420
413
467
546
586
548
452
349
284
269
265
219
120
27
0
12
-14
-76
-97
-73
-89
-142
-112
-54
-259
-808
-1273
-1199
-736
-445
-541
-809
-1103
-1456
-1689
-1422
-696
-122
-186
-705
-1131
-1142
-767
-176
403
700
578
207
-34
142
701
1319
1641
1553
1243
1007
1019
1256
1566
1771
1743
1492
1174
976
955
1004
978
832
633
456
312
165
2
-160
-298
-401
-469
-527
-634
-819
-1033
-1173
-1173
-1060
-922
-854
-898
-1002
-1047
-939
-693
-419
-237
-189
-221
-227
-136
47
254
404
450
414
367
381
463
566
627
608
518
408
334
314
314
283
203
98
22
-2
-1
-17
-48
-72
-103
-141
-117
-22
-57
-443
-1018
-1294
-1024
-541
-343
-539
-917
-1300
-1581
-1552
-1066
-388
-64
-349
-932
-1274
-1093
-501
170
597
609
292
-51
-87
309
954
1476
1593
1322
956
816
1006
1377
1681
1746
1561
1247
985
900
967
1037
975
779
552
383
267
160
30
-118
-258
-369
-447
-528
-654
-824
-980
-1056
-1030
-942
-860
-849
-915
-987
-968
-809
-566
-356
-259
-264
-286
-240
-96
105
288
385
385
340
329
393
506
594
603
535
441
371
341
329
305
243
140
38
-14
-15
-15
-35
-57
-84
-132
-147
-47
65
-110
-668
-1221
-1261
-779
-300
-258
-609
-1072
-1444
-1588
-1336
-720
-137
-55
-523
-1106
-1292
-912
-207
412
632
422
31
-190
-16
511
1120
1484
1430
1075
750
743
1071
1484
1698
1621
1359
1082
916
902
987
1040
947
720
482
340
276
202
66
-103
-241
-319
-369
-459
-627
-828
-969
-989
-915
-828
-801
-861
-967
-1023
-943
-724
-470
-318
-314
-380
-380
-247
-28
175
286
296
263
265
343
467
567
591
543
464
398
368
365
356
297
184
72
16
22
36
31
23
13
-24
-67
-39
42
-39
-443
-971
-1167
-846
-362
-219
-548
-1067
-1450
-1541
-1305
-810
-309
-164
-516
-1081
-1357
-1062
-361
298
546
338
-64
-300
-147
360
968
1365
1371
1055
709
641
943
1409
1717
1693
1415
1099
921
926
1046
1151
1111
888
579
343
264
283
261
123
-94
-285
-392
-455
-544
-689
-842
-935
-948
-906
-863
-864
-916
-975
-964
-830
-609
-407
-319
-341
-371
-308
-131
87
247
302
279
255
301
428
576
659
628
512
396
356
389
420
371
249
123
45
12
4
16
34
6
-88
-158
-103
14
-60
-475
-1004
-1208
-899
-397
-203
-512
-1088
-1533
-1595
-1274
-749
-305
-216
-551
-1074
-1352
-1085
-372
337
600
333
-133
-356
-114
466
1048
1348
1284
987
717
703
995
1423
1708
1681
1396
1068
904
954
1104
1186
1088
834
553
377
332
334
273
110
-98
-264
-349
-398
-487
-639
-808
-916
-928
-875
-825
-833
-904
-973
-963
-835
-628
-441
-354
-370
-397
-335
-158
66
231
282
254
232
285
413
545
602
555
441
338
294
293
275
206
111
43
17
12
8
10
18
-11
-82
-112
-17
126
64
-349
-887
-1103
-784
-234
1
-335
-984
-1456
-1443
-1021
-504
-197
-252
-602
-1018
-1198
-949
-353
241
463
217
-222
-430
-190
366
891
1113
1008
755
583
630
885
1219
1452
1468
1281
1026
862
862
975
1081
1071
915
666
424
275
248
287
289
174
-45
-274
-426
-483
-497
-530
-602
-691
-766
-810
-827
-823
-795
-742
-671
-599
-533
-471
-404
-323
-219
-99
19
110
156
169
187
243
329
398
400
329
225
146
119
129
138
112
52
-12
-62
-77
-56
-9
26
4
-59
-86
-8
130
140
-119
-546
-826
-703
-273
70
-21
-519
-1052
-1227
-943
-447
-103
-118
-421
-765
-910
-763
-402
-21
190
148
-70
-262
-243
31
419
705
759
626
473
454
599
819
993
1055
1021
945
865
798
758
761
800
836
804
666
453
264
190
241
319
299
130
-111
-295
-346
-303
-269
-314
-424
-531
-579
-572
-544
-522
-502
-468
-416
-363
-325
-299
-262
-197
-114
-45
-15
-21
-36
-39
-28
-17
-14
-18
-31
-61
-113
-163
-182
-163
-134
-124
-134
-138
-115
-79
-55
-52
-54
-31
26
107
171
153
18
-186
-317
-252
-15
203
183
-120
-511
-704
-559
-207
64
47
-222
-516
-614
-467
-198
20
92
40
-44
-77
-30
80
212
324
385
388
353
319
317
355
414
473
514
533
524
488
440
406
411
461
527
555
503
373
220
121
122
199
269
248
115
-71
-209
-232
-152
-50
-9
-63
-175
-275
-308
-270
-196
-138
-125
-155
-204
-237
-240
-217
-191
-183
-196
-221
-241
-254
-265
-281
-299
-310
-302
-277
-245
-214
-184
-153
-119
-83
-49
-14
23
53
60
40
15
26
93
182
220
152
-1
-134
-138
2
178
232
83
-195
-419
-438
-254
-24
70
-31
-223
-336
-276
-92
82
143
103
45
47
108
170
182
150
119
127
168
200
191
144
90
64
79
122
167
191
184
151
113
99
129
193
253
267
225
157
113
125
177
226
229
182
118
76
70
88
101
91
57
13
-27
-56
-73
-80
-81
-83
-93
-112
-137
-156
-164
-159
-150
-146
-151
-163
-173
-176
-172
-162
-151
-144
-143
-144
-144
-138
-126
-110
-92
-74
-56
-45
-44
-49
-49
-31
5
41
48
15
-40
-77
-66
-16
32
35
-7
-61
-81
-53
-3
28
22
-7
-32
-35
-20
-5
-4
-18
-35
-46
-49
-44
-36
-29
-27
-31
-38
-41
-34
-18
1
14
17
17
20
31
47
60
68
74
84
99
117
129
132
129
129
140
161
184
197
195
180
164
159
168
183
193
186
163
134
111
101
102
103
93
71
43
19
3
-6
-13
-23
-39
-56
-70
-80
-87
-96
-108
-119
-125
-127
-127
-129
-136
-144
-147
-143
-132
-119
-112
-113
-118
-119
-107
-83
-59
-47
-51
-67
-78
-73
-52
-28
-18
-30
-56
-77
-82
-71
-55
-51
-64
-87
-107
-111
-100
-87
-83
-91
-105
-113
-108
-92
-74
-64
-64
-69
-70
-60
-41
-18
2
14
18
21
31
49
73
95
111
119
127
142
162
179
185
185
189
205
228
242
236
212
185
168
176
208
243
249
193
95
27
60
189
295
270
132
3
-8
78
138
103
10
-49
-35
-15
-46
-110
-145
-118
-81
-98
-165
-224
-222
-178
-154
-176
-214
-219
-184
-147
-140
-154
-153
-109
-43
13
56
98
143
160
114
20
-56
-43
49
137
134
28
-124
-253
-331
-363
-347
-269
-155
-100
-191
-411
-578
-518
-257
-25
-21
-195
-336
-310
-186
-126
-176
-227
-168
-9
131
146
45
-76
-111
-10
185
383
489
451
307
168
160
333
599
792
795
633
448
376
449
579
637
561
399
264
223
235
210
106
-18
-73
-23
61
68
-49
-227
-344
-317
-185
-60
-48
-172
-360
-491
-464
-291
-114
-94
-242
-409
-431
-306
-173
-117
-136
-175
-193
-193
-163
-115
-86
-73
-42
30
109
126
73
8
2
85
229
392
486
401
98
-250
-356
-95
309
482
282
-144
-540
-726
-618
-285
8
-18
-368
-743
-886
-799
-636
-490
-392
-393
-480
-543
-488
-384
-346
-322
-174
97
310
336
231
128
132
306
655
1021
1141
940
639
538
704
997
1247
1338
1198
881
624
614
778
879
824
703
565
369
141
0
-25
-41
-107
-177
-243
-416
-714
-960
-978
-820
-678
-664
-781
-988
-1193
-1224
-985
-625
-424
-483
-640
-685
-572
-363
-103
130
225
189
177
275
378
428
531
693
730
589
490
582
683
626
549
650
770
659
398
281
355
402
392
475
488
-38
-940
-1307
-710
10
-125
-855
-1375
-1637
-1930
-1885
-1140
-468
-803
-1676
-1911
-1446
-1153
-1148
-881
-377
-248
-516
-571
-270
-16
86
412
1007
1382
1223
840
780
1157
1676
2045
2202
2128
1776
1352
1302
1743
2131
2017
1647
1412
1198
822
607
785
923
646
266
92
-182
-739
-1079
-869
-585
-721
-1118
-1503
-1905
-2205
-2059
-1541
-1207
-1348
-1723
-1989
-1973
-1620
-1069
-645
-519
-579
-663
-636
-352
160
586
720
726
787
827
825
990
1347
1597
1556
1366
1176
993
919
1089
1329
1292
962
641
465
338
291
406
466
229
-54
-49
-160
-990
-1919
-1778
-733
-306
-1099
-2014
-2290
-2385
-2496
-1994
-1000
-777
-1668
-2413
-2099
-1429
-1170
-979
-469
-59
-188
-464
-361
72
561
1066
1589
1864
1692
1269
1123
1588
2388
2902
2809
2380
1995
1756
1709
1986
2399
2399
1845
1244
978
821
589
546
709
604
61
-507
-828
-1080
-1248
-1106
-861
-1047
-1691
-2249
-2417
-2293
-2015
-1723
-1636
-1839
-2083
-2112
-1863
-1386
-856
-550
-541
-561
-428
-222
49
493
962
1109
965
896
1026
1194
1393
1711
1925
1739
1321
1111
1184
1273
1291
1291
1144
756
384
308
383
379
321
217
-26
-209
-165
-476
-1605
-2392
-1639
-310
-488
-1938
-2666
-2386
-2341
-2459
-1714
-826
-1305
-2481
-2569
-1633
-1175
-1262
-968
-331
-97
-310
-395
-176
282
910
1520
1863
1840
1554
1220
1362
2186
3048
3126
2551
2091
1988
1984
2051
2367
2599
2248
1532
1085
1018
890
663
663
742
418
-255
-771
-1023
-1171
-1124
-863
-878
-1492
-2230
-2508
-2368
-2103
-1831
-1710
-1899
-2216
-2298
-2048
-1614
-1120
-747
-670
-745
-666
-393
-74
312
768
1036
950
782
874
1163
1447
1697
1885
1821
1462
1152
1182
1400
1473
1353
1166
880
538
368
453
513
367
218
71
-137
-222
-116
-549
-1812
-2402
-1362
-159
-778
-2308
-2671
-2213
-2266
-2376
-1529
-870
-1653
-2677
-2394
-1400
-1128
-1226
-892
-364
-208
-360
-366
-122
448
1116
1556
1671
1586
1429
1287
1613
2436
3093
2954
2300
1935
2035
2235
2306
2436
2503
2113
1426
1053
1125
1090
835
731
697
294
-375
-781
-904
-947
-892
-809
-1080
-1740
-2250
-2336
-2153
-1910
-1736
-1858
-2226
-2424
-2267
-1912
-1537
-1158
-943
-977
-1005
-783
-375
1
343
638
766
695
652
877
1257
1553
1706
1765
1657
1390
1223
1348
1530
1520
1364
1160
892
584
524
634
658
454
223
96
-155
-258
-106
1
-841
-2104
-2130
-934
-257
-1340
-2438
-2356
-2049
-2333
-2333
-1320
-1004
-1894
-2625
-2051
-1221
-1250
-1229
-797
-260
-270
-408
-283
8
625
1145
1492
1496
1497
1470
1349
1705
2481
3074
2707
2056
1943
2183
2272
2235
2515
2537
1935
1238
1116
1293
1141
911
831
634
130
-335
-560
-761
-854
-752
-783
-1206
-1726
-1993
-2150
-2185
-1942
-1698
-1865
-2307
-2459
-2259
-1940
-1593
-1264
-1090
-1158
-1190
-962
-491
-23
268
427
489
491
559
859
1252
1496
1601
1653
1558
1372
1364
1526
1595
1502
1448
1245
887
664
733
819
643
522
340
120
-112
-159
-9
27
-164
-1245
-2227
-1963
-672
-326
-1569
-2259
-2074
-2122
-2689
-2121
-785
-937
-2115
-2560
-1753
-1398
-1413
-930
-417
-302
-536
-409
-298
48
761
1249
1360
1329
1572
1405
1187
1682
2633
3019
2492
2086
2013
2040
2004
2264
2709
2575
1847
1146
1067
1201
1165
1088
999
650
12
-406
-549
-626
-661
-626
-798
-1277
-1655
-1825
-2025
-2158
-1907
-1592
-1787
-2280
-2494
-2355
-2112
-1741
-1266
-1065
-1285
-1510
-1304
-732
-126
276
402
311
204
330
734
1237
1570
1639
1482
1308
1321
1506
1704
1737
1680
1489
1199
940
866
949
869
750
592
433
145
-72
18
9
-27
-36
-32
-929
-2249
-2278
-1003
-143
-973
-1828
-1973
-2323
-2899
-2405
-774
-370
-1430
-2386
-2291
-1870
-1522
-708
-104
-76
-489
-747
-704
-270
742
1412
1444
1209
1269
1261
1028
1401
2337
3022
2722
2122
1891
1851
1820
1988
2622
2887
2266
1302
854
953
1059
1230
1352
1053
284
-403
-689
-733
-476
-178
-390
-1149
-1747
-1842
-1894
-1921
-1660
-1409
-1717
-2325
-2541
-2354
-2096
-1844
-1503
-1267
-1363
-1616
-1619
-1141
-484
-22
180
235
156
55
289
853
1386
1611
1549
1317
1115
1259
1617
1867
1896
1778
1458
976
839
1041
1181
1028
812
643
286
36
17
176
193
5
-101
-208
-305
-1097
-2031
-2024
-959
-226
-993
-1791
-2068
-2397
-2903
-2292
-611
-212
-1266
-2397
-2449
-2105
-1496
-351
277
96
-626
-999
-1003
-318
1098
1857
1589
937
939
999
991
1683
2724
3143
2427
1815
1719
1828
1947
2214
2708
2648
2024
1215
850
937
1119
1322
1267
935
256
-383
-768
-775
-385
-108
-341
-1080
-1691
-1981
-2090
-1895
-1391
-1067
-1535
-2350
-2753
-2539
-2094
-1661
-1254
-1164
-1519
-1996
-1935
-1260
-470
16
137
44
-185
-211
198
887
1441
1598
1421
1094
987
1241
1613
1881
1979
1897
1494
1003
918
1113
1287
1168
1020
777
366
145
102
296
220
171
45
-296
-395
-383
-264
-1177
-1932
-1694
-900
-651
-1376
-1473
-1782
-2438
-2876
-1981
-522
-575
-1255
-2065
-2181
-2125
-1452
-215
272
236
-508
-970
-1063
-196
1253
1796
1658
1074
931
719
939
1940
2861
3068
2237
1727
1595
1774
2007
2313
2726
2427
1749
1040
932
1066
1139
1221
1041
697
94
-310
-625
-689
-453
-359
-621
-1149
-1394
-1664
-1961
-1975
-1585
-1304
-1573
-1940
-2229
-2319
-2300
-1981
-1499
-1212
-1258
-1599
-1715
-1484
-950
-440
-11
230
94
-90
-14
469
992
1414
1570
1355
1122
1109
1353
1563
1818
2002
1777
1341
1068
1108
1112
1106
1204
1038
650
239
173
188
179
286
188
48
-203
-272
-299
-316
-392
-1232
-1890
-1791
-992
-837
-1291
-1295
-1615
-2471
-3019
-1943
-683
-675
-1130
-1587
-1969
-2394
-1642
-330
295
328
-46
-595
-1178
-447
1049
1828
1785
1564
1384
714
701
1745
2867
3061
2528
2142
1719
1545
1730
2265
2624
2397
1832
1147
837
800
942
1007
864
551
64
-338
-689
-770
-667
-679
-951
-1256
-1328
-1518
-1830
-1962
-1780
-1704
-1850
-1843
-1745
-1802
-2049
-2086
-1865
-1587
-1354
-1196
-1078
-1077
-1053
-900
-509
-18
326
487
489
505
602
902
1263
1497
1605
1549
1397
1267
1422
1680
1723
1631
1518
1366
1037
854
931
982
899
658
490
246
132
176
164
93
-99
-64
-194
-367
-365
-253
-398
-1411
-2004
-1811
-1149
-1095
-1355
-1138
-1506
-2459
-3151
-2247
-1034
-762
-844
-1160
-1569
-2264
-1886
-827
20
591
594
132
-778
-509
600
1419
1787
2034
2201
1390
871
1328
2328
2815
2648
2585
2219
1845
1526
1705
2056
2101
1896
1350
1019
760
688
539
297
137
-92
-277
-645
-802
-851
-1045
-1440
-1720
-1552
-1452
-1521
-1683
-1750
-1901
-2108
-2054
-1824
-1508
-1394
-1468
-1638
-1658
-1455
-1198
-883
-589
-407
-428
-396
-195
108
475
757
868
859
1005
1166
1204
1299
1515
1559
1324
1302
1487
1501
1318
1239
1244
1037
907
928
872
670
527
515
234
53
103
190
72
-100
-44
-258
-380
-327
-178
-185
-311
-351
-1216
-2006
-2021
-1297
-1017
-1285
-1064
-1327
-2188
-2940
-2328
-1311
-1003
-760
-861
-1240
-1892
-1612
-858
-402
216
635
595
-101
13
775
1209
1426
1700
2120
1854
1679
1875
2212
2380
2244
2202
1995
2068
2138
2060
1834
1535
1299
853
700
777
918
710
166
-332
-754
-880
-923
-798
-727
-928
-1395
-1903
-2037
-1946
-1680
-1477
-1445
-1617
-1831
-1857
-1811
-1590
-1266
-1049
-1135
-1251
-1077
-795
-552
-359
-146
-55
-20
125
373
694
939
1003
873
869
1066
1217
1263
1330
1372
1146
915
934
1070
1089
1022
950
709
498
476
538
460
336
329
198
44
-9
81
37
-111
-101
-116
-132
-167
-15
63
-62
-107
-145
-290
-988
-1528
-1576
-1341
-1194
-1190
-899
-1126
-1869
-2510
-2354
-1786
-1452
-941
-676
-835
-1356
-1388
-1021
-792
-251
352
673
419
518
1032
1228
1278
1466
1857
1827
1882
2238
2509
2513
2284
2112
1739
1648
1888
2076
1984
1711
1445
841
302
162
337
341
75
-167
-547
-955
-1255
-1282
-1274
-1403
-1521
-1671
-1793
-1831
-1648
-1511
-1611
-1735
-1721
-1580
-1434
-1095
-692
-565
-700
-818
-744
-582
-239
186
425
444
439
474
429
524
797
947
859
832
987
1002
902
878
841
596
375
430
536
551
548
520
284
10
-8
84
114
146
265
213
8
-18
126
195
110
137
178
152
199
340
418
320
344
338
212
153
260
101
-698
-1324
-1457
-1397
-1496
-1341
-898
-1092
-1793
-2333
-2289
-2200
-2031
-1519
-1195
-1219
-1322
-1018
-836
-762
-353
91
200
147
715
1430
1779
1919
2083
2094
1818
1882
2254
2640
2852
2924
2714
2174
1880
1861
1807
1572
1433
1303
858
388
209
193
-90
-512
-852
-1197
-1500
-1575
-1415
-1399
-1572
-1760
-1985
-2257
-2287
-1913
-1553
-1460
-1416
-1269
-1200
-1167
-870
-459
-263
-223
-87
93
256
542
817
796
580
502
519
509
658
947
998
713
467
394
294
192
224
226
49
-96
-66
-25
-59
-64
-106
-301
-444
-324
-88
73
214
333
305
208
253
404
512
622
763
794
718
726
807
799
741
716
627
461
430
531
538
452
352
-31
-840
-1580
-1868
-1936
-2011
-1882
-1619
-1740
-2196
-2467
-2482
-2533
-2508
-2223
-1971
-1857
-1496
-810
-295
-40
276
536
503
541
1101
1858
2374
2765
3107
3151
2947
2901
2998
2949
2820
2784
2652
2325
2137
2138
1926
1384
838
370
-193
-666
-777
-751
-946
-1275
-1567
-1925
-2313
-2461
-2400
-2446
-2563
-2489
-2303
-2170
-1916
-1461
-1144
-1125
-1093
-869
-617
-308
215
729
946
1019
1165
1256
1233
1311
1446
1337
1054
915
883
736
572
491
279
-142
-497
-653
-770
-868
-844
-828
-954
-1054
-984
-899
-882
-801
-660
-599
-532
-277
75
341
545
744
861
917
1050
1245
1376
1445
1502
1485
1398
1372
1395
1307
1103
912
729
519
391
367
286
113
-13
-105
-282
-454
-577
-957
-1692
-2369
-2725
-2920
-2984
-2707
-2300
-2224
-2352
-2316
-2209
-2179
-1976
-1565
-1302
-1143
-643
144
773
1319
1941
2293
2188
2089
2320
2584
2765
3071
3350
3278
3061
3013
2918
2561
2173
1853
1317
647
294
237
72
-235
-487
-851
-1473
-2016
-2219
-2337
-2517
-2552
-2462
-2469
-2439
-2099
-1652
-1436
-1315
-1104
-971
-908
-581
24
527
844
1173
1437
1475
1508
1703
1799
1650
1488
1408
1237
1046
1051
1082
844
433
35
-441
-1000
-1394
-1583
-1791
-2030
-2130
-2135
-2164
-2111
-1921
-1768
-1719
-1606
-1358
-1059
-675
-154
370
757
1065
1356
1582
1745
1903
2027
2050
2039
2061
2088
2097
2100
2031
1819
1524
1219
894
573
331
128
-124
-368
-516
-624
-740
-782
-769
-847
-1006
-1055
-981
-920
-850
-754
-835
-1250
-1742
-2049
-2231
-2312
-2153
-1811
-1608
-1520
-1276
-920
-689
-517
-283
-196
-297
-231
181
665
1099
1608
2019
2092
2017
2094
2174
2072
1959
1907
1717
1447
1413
1553
1542
1372
1185
849
291
-173
-370
-541
-800
-962
-1022
-1164
-1274
-1145
-957
-971
-1072
-1111
-1200
-1306
-1173
-808
-514
-330
-82
156
263
395
655
807
729
624
593
527
487
629
791
738
561
415
220
-52
-235
-333
-541
-829
-1000
-1074
-1162
-1202
-1173
-1239
-1428
-1552
-1542
-1486
-1359
-1106
-836
-625
-360
15
391
708
993
1190
1249
1272
1359
1460
1521
1569
1579
1504
1402
1351
1300
1188
1029
828
575
341
204
122
39
-36
-118
-238
-335
-355
-374
-433
-468
-484
-525
-502
-349
-195
-134
-32
116
137
58
-1
-214
-755
-1332
-1708
-2012
-2272
-2215
-1922
-1789
-1707
-1403
-1063
-955
-840
-608
-590
-752
-655
-252
107
526
1167
1718
1935
2110
2411
2513
2387
2304
2220
1897
1555
1502
1541
1449
1368
1360
1135
682
312
43
-361
-830
-1130
-1359
-1643
-1768
-1598
-1385
-1294
-1165
-1004
-1008
-1089
-997
-815
-749
-664
-411
-145
60
399
860
1149
1233
1299
1297
1104
907
857
769
544
377
325
203
58
45
18
-210
-506
-724
-981
-1278
-1429
-1474
-1612
-1757
-1734
-1632
-1541
-1341
-1031
-819
-691
-477
-210
5
253
582
820
949
1124
1333
1442
1496
1555
1506
1323
1164
1075
947
810
733
630
456
333
306
255
175
117
17
-153
-284
-307
-300
-274
-198
-155
-174
-139
-29
68
175
305
328
236
225
302
295
240
188
-124
-746
-1306
-1670
-2039
-2346
-2330
-2248
-2352
-2295
-1880
-1466
-1195
-784
-414
-433
-537
-293
61
294
720
1313
1659
1824
2226
2709
2904
2974
3040
2806
2250
1822
1610
1320
985
801
608
217
-108
-203
-316
-595
-893
-1179
-1595
-2007
-2150
-2078
-2008
-1900
-1649
-1379
-1159
-827
-346
23
178
290
393
399
432
667
942
1053
1118
1241
1284
1234
1267
1298
1077
670
303
-64
-471
-728
-813
-946
-1165
-1281
-1300
-1341
-1310
-1171
-1138
-1287
-1428
-1483
-1511
-1437
-1176
-875
-645
-363
25
422
807
1220
1525
1602
1575
1549
1490
1403
1363
1308
1145
970
885
825
748
700
620
409
152
-33
-173
-299
-350
-349
-381
-402
-334
-216
-104
21
129
160
150
151
140
121
135
150
138
159
219
239
262
348
384
280
131
-96
-585
-1200
-1696
-2123
-2589
-2871
-2853
-2819
-2760
-2384
-1794
-1332
-895
-353
-12
25
152
469
650
788
1159
1558
1758
2039
2546
2913
3033
3139
3128
2746
2226
1847
1431
853
361
37
-346
-718
-839
-817
-895
-1019
-1084
-1233
-1507
-1697
-1735
-1787
-1851
-1761
-1526
-1259
-895
-342
231
644
969
1270
1429
1429
1436
1445
1303
1076
950
875
746
688
738
688
480
280
87
-244
-616
-897
-1203
-1593
-1870
-1953
-1978
-1917
-1668
-1363
-1155
-947
-681
-489
-380
-243
-119
-101
-67
85
278
482
766
1066
1252
1366
1465
1479
1364
1198
985
662
306
30
-181
-357
-433
-411
-385
-350
-251
-136
-75
-36
-2
-21
-77
-79
-24
42
141
284
424
550
697
848
946
977
930
793
610
436
272
130
32
-72
-201
-251
-206
-180
-200
-237
-469
-970
-1499
-1921
-2361
-2776
-2935
-2960
-3019
-2851
-2286
-1617
-990
-234
464
799
980
1303
1540
1560
1650
1800
1753
1672
1882
2187
2350
2518
2683
2562
2202
1905
1591
1074
485
-45
-636
-1252
-1625
-1734
-1754
-1717
-1571
-1417
-1325
-1191
-972
-783
-717
-704
-695
-686
-620
-389
-12
356
673
1002
1316
1533
1705
1859
1841
1578
1218
852
426
24
-224
-418
-681
-895
-974
-1027
-1072
-1018
-966
-1069
-1239
-1343
-1438
-1531
-1495
-1355
-1245
-1113
-840
-499
-166
213
594
835
948
1048
1109
1081
1031
983
862
693
589
543
490
446
418
330
177
50
-52
-181
-316
-418
-524
-622
-624
-524
-388
-228
-28
156
301
463
643
769
829
861
842
763
691
659
625
575
544
520
471
408
347
268
148
0
-148
-282
-422
-554
-618
-613
-614
-630
-613
-678
-922
-1199
-1406
-1672
-2000
-2169
-2215
-2309
-2265
-1883
-1392
-952
-353
324
756
1059
1489
1823
1868
1900
1972
1835
1603
1586
1644
1562
1535
1616
1558
1370
1281
1185
888
507
147
-297
-804
-1177
-1413
-1614
-1738
-1719
-1601
-1425
-1152
-803
-467
-215
-35
113
220
272
311
374
396
368
402
512
606
689
811
867
778
661
559
356
65
-194
-469
-825
-1122
-1265
-1358
-1422
-1349
-1192
-1069
-911
-647
-403
-244
-80
74
119
119
176
232
239
286
390
465
526
647
770
815
823
818
734
570
401
230
11
-206
-362
-485
-585
-602
-537
-454
-353
-201
-40
84
201
316
380
396
412
423
407
402
427
444
447
469
498
498
484
467
410
308
202
102
-11
-116
-186
-252
-332
-390
-408
-415
-410
-363
-298
-258
-218
-139
-63
-32
-25
-54
-202
-457
-709
-948
-1225
-1476
-1615
-1695
-1737
-1618
-1316
-967
-597
-142
290
586
844
1120
1273
1277
1271
1239
1097
962
950
947
891
899
956
934
875
873
819
624
389
157
-140
-461
-690
-855
-1012
-1091
-1043
-922
-751
-493
-189
75
289
481
626
695
707
685
614
499
391
320
269
229
220
230
219
189
162
107
-13
-173
-352
-565
-794
-984
-1128
-1246
-1305
-1272
-1174
-1028
-812
-549
-297
-67
153
330
436
494
509
459
368
278
195
115
65
56
66
90
138
194
228
239
224
172
82
-21
-125
-231
-321
-373
-382
-349
-263
-129
30
197
364
514
631
709
747
737
683
599
500
394
294
213
149
103
74
62
58
58
55
44
22
-9
-47
-88
-128
-165
-198
-225
-245
-253
-248
-225
-187
-134
-67
7
80
140
175
167
103
-24
-217
-468
-750
-1036
-1307
-1530
-1671
-1710
-1641
-1454
-1161
-794
-384
44
447
789
1057
1243
1329
1322
1249
1129
980
832
708
609
540
509
500
494
485
460
396
288
144
-32
-229
-427
-599
-733
-810
-813
-737
-591
-381
-125
150
421
665
857
983
1033
1007
911
760
573
369
167
-14
-163
-272
-339
-371
-379
-374
-369
-380
-412
-466
-544
-638
-734
-819
-881
-902
-871
-788
-654
-474
-263
-42
173
360
504
591
616
578
483
351
196
33
-115
-233
-311
-343
-328
-275
-196
-104
-13
62
110
129
117
78
23
-37
-88
-118
-118
-84
-16
85
206
333
455
557
627
658
648
597
512
403
282
159
48
-41
-102
-136
-142
-123
-86
-39
12
59
95
119
127
120
98
65
24
-22
-68
-108
-137
-153
-151
-131
-96
-48
5
52
81
79
35
-59
-207
-403
-634
-879
-1115
-1319
-1462
-1522
-1485
-1346
-1109
-791
-417
-15
383
744
1040
1257
1382
1411
1355
1235
1068
879
691
522
381
280
218
186
173
170
160
130
75
-6
-111
-232
-356
-466
-550
-591
-577
-507
-381
-205
6
233
456
654
806
899
923
875
762
593
385
157
-71
-280
-454
-583
-664
-698
-691
-652
-596
-535
-481
-441
-422
-423
-438
-460
-478
-483
-466
-421
-345
-240
-110
31
173
302
405
471
498
481
422
330
217
92
-29
-132
-209
-254
-262
-234
-180
-106
-20
65
136
192
227
238
228
205
174
143
123
118
129
158
204
258
312
360
395
407
392
352
288
203
106
8
-85
-164
-222
-254
-262
-246
-208
-156
-96
-34
24
70
101
115
111
90
57
14
-33
-79
-116
-141
-151
-142
-117
-80
-40
-6
11
-1
-51
-144
-281
-455
-652
-855
-1043
-1192
-1283
-1297
-1219
-1045
-787
-460
-84
308
685
1021
1290
1468
1545
1526
1414
1226
987
725
459
214
14
-135
-229
-264
-252
-212
-154
-91
-40
-13
-8
-29
-70
-121
-167
-198
-202
-170
-101
4
138
292
447
586
695
759
768
717
608
447
245
20
-210
-427
-616
-762
-858
-900
-891
-836
-745
-634
-517
-404
-306
-232
-182
-158
-154
-163
-176
-184
-179
-158
-118
-63
2
72
136
183
207
204
173
117
43
-42
-127
-200
-252
-276
-266
-223
-150
-54
57
173
282
378
454
504
528
528
506
467
419
367
316
270
232
202
178
158
141
123
102
76
45
7
-34
-76
-117
-153
-180
-198
-205
-200
-182
-154
-118
-78
-36
3
38
68
90
104
111
111
105
95
84
71
57
42
25
4
-19
-44
-71
-101
-129
-154
-174
-185
-187
-180
-166
-148
-133
-126
-132
-158
-204
-270
-349
-437
-522
-592
-637
-648
-616
-541
-426
-275
-100
85
266
431
563
654
700
699
653
572
465
344
222
112
23
-40
-71
-72
-48
-3
54
114
168
209
233
236
219
187
143
94
48
10
-14
-19
-5
27
71
123
176
221
253
267
260
230
178
108
27
-60
-146
-221
-283
-327
-350
-353
-337
-307
-266
-221
-177
-139
-109
-91
-85
-89
-102
-122
-144
-165
-182
-193
-195
-190
-175
-151
-122
-90
-57
-26
-1
20
33
39
37
30
18
4
-11
-22
-27
-28
-20
-4
17
45
78
113
148
181
209
229
242
248
246
237
222
203
181
158
135
114
94
77
62
48
36
24
13
1
-11
-23
-35
-46
-55
-63
-68
-70
-69
-64
-57
-48
-37
-25
-15
-7
-3
-1
-4
-10
-21
-35
-52
-70
-88
-104
-116
-125
-130
-129
-123
-112
-95
-76
-55
-33
-13
4
19
29
35
36
34
28
19
9
0
-8
-16
-22
-25
-26
-26
-23
-20
-17
-13
-11
-10
-9
-9
-11
-13
-15
-15
-14
-11
-5
2
11
22
34
45
55
63
68
69
68
64
59
52
45
38
32
27
25
24
26
28
32
36
40
44
47
50
51
53
53
54
55
55
57
58
59
61
63
65
67
67
67
65
61
55
46
36
24
10
-7
-24
-41
-58
-73
-85
-96
-106
-112
-117
-119
-120
-119
-118
-117
-115
-111
-107
-101
-94
-85
-75
-66
-58
-54
-56
-65
-84
-112
-149
-191
-237
-280
-318
-345
-355
-347
-319
-270
-201
-116
-20
82
182
274
354
415
454
471
466
441
399
346
286
224
165
113
71
41
22
16
20
32
49
70
91
109
121
129
130
125
114
98
78
58
39
22
7
-2
-7
-7
-3
5
14
21
27
28
22
10
-10
-36
-68
-103
-140
-178
-211
-240
-258
-265
-266
-257
-241
-217
-186
-155
-125
-97
-73
-54
-42
-36
-35
-38
-44
-49
-55
-59
-60
-57
-49
-37
-22
-4
14
32
48
63
73
80
81
78
73
67
60
54
50
50
54
61
72
84
98
114
128
140
145
144
141
130
114
93
67
40
13
-13
-35
-53
-65
-74
-76
-74
-67
-57
-47
-36
-26
-19
-14
-11
-11
-13
-17
-20
-24
-28
-30
-31
-29
-26
-22
-16
-11
-5
0
4
6
7
6
4
0
-5
-10
-16
-20
-24
-27
-27
-27
-24
-18
-12
-6
2
10
16
20
23
24
23
20
15
9
3
-4
-9
-13
-15
-15
-14
-13
-9
-6
-2
3
7
10
11
13
13
12
11
9
6
4
1
-1
-3
-3
-3
-2
-1
0
2
4
6
8
8
8
7
6
4
3
1
-1
-3
-4
-5
-5
-4
-3
-1
0
2
3
5
6
6
6
5
4
1
-1
-4
-6
-8
-10
-11
-12
-12
-11
-9
-8
-7
-5
-4
-3
-2
-2
-1
-1
-1
-2
-2
-2
-2
-2
-2
-1
0
0
1
2
4
5
6
6
6
6
5
4
2
1
-1
-3
-4
-6
-6
-6
-6
-5
-5
-3
-2
-1
0
1
1
2
2
2
2
2
1
1
1
1
1
0
0
1
1
2
3
3
3
3
4
4
3
3
2
1
1
0
-1
-1
-1
-1
-1
-1
0
0
-1
-1
-1
-1
-1
-2
-3
-3
-4
-5
-5
-5
-5
-5
-5
-5
-5
-4
-3
-2
-1
-2
-1
-1
0
0
0
0
0
0
0
1
1
2
2
2
2
2
2
3
3
2
2
2
2
1
1
0
0
0
-1
-1
-1
-1
-1
-1
-1
-1
0
0
0
0
0
0
0
0
0
0
-1
-1
-1
-1
-2
-2
-2
-2
-2
-1
-2
-1
-1
0
0
0
0
0
0
0
0
0
0
0
0
0
0
-1
-1
-1
-1
-1
-1
-1
-1
-1
-1
-1
-1
-1
0
-1
-1
-1
-1
0
0
0
0
0
0
0
1
1
1
0
0
-1
-2
-2
-3
-2
-2
-1
-2
-1
0
1
2
2
2
2
1
0
0
0
0
-2
-2
-3
-3
-3
-3
-2
-1
0
0
1
1
2
2
3
3
2
2
1
1
0
0
-1
-1
-2
-2
-2
-2
-1
-1
0
0
0
1
1
1
1
1
1
0
-1
-2
-2
-3
-3
-3
-3
-3
-4
-3
-3
-3
-3
-2
-2
-2
-2
-2
-1
-1
-2
-1
-1
-1
0
0
0
0
1
1
2
2
3
3
3
3
3
3
3
2
2
2
1
0
0
0
0
0
0
-1
-1
-1
0
0
0
0
0
-1
-1
-1
-1
-1
-1
-2
-2
-2
-2
-2
-2
-2
-2
-2
-1
-1
-1
-1
0
-1
-1
-1
0
0
0
0
0
0
0
0
0
1
0
0
0
1
1
1
0
0
0
-1
-1
-1
-1
-1
-1
-1
-1
-1
-1
-1
-1
-1
-1
-1
-1
-1
-1
-1
-1
-1
0
0
0
0
0
0
0
0
0
0
0
0
0
0
-1
-1
-1
-1
-1
-1
-1
-1
-1
-1
-1
-1
-1
-1
-1
-1
-1
0
0
0
0
0
0
0
0
1
1
1
0
0
0
1
1
1
1
0
0
0
0
0
0
0
0
0
0
0
0
1
1
1
0
0
0
0
1
0
0
0
-1
-1
-1
-1
-1
-1
-1
-2
-2
-2
-1
-1
-1
-1
-2
-2
-1
-1
-1
-1
-1
-1
-1
-1
0
0
0
0
0
0
0
0
0
0
0
0
0
0
0
0
-1
0
0
0
0
-1
-1
-1
0
0
0
0
-1
-1
-1
-1
-1
-1
-1
-1
-1
-2
-2
-1
-1
-2
-2
-2
-2
-1
-1
-1
-1
-1
-1
0
0
0
0
0
0
0
0
0
0
0
0
0
0
0
0
0
1
1
1
0
0
0
0
0
-1
0
-1
-1
-1
-1
0
0
0
0
0
0
1
1
1
1
1
1
1
1
1
1
1
0
1
1
1
1
1
0
0
0
0
0
0
0
-1
-2
-1
0
-1
-1
-1
0
-1
-2
-2
-1
-1
-2
-2
-1
-2
-3
-3
-3
-3
-4
-4
-4
-4
-3
-3
-3
-3
-3
-3
-3
-2
-2
-1
-1
-1
-1
0
0
0
0
-1
-1
-2
-2
-2
-2
-2
-2
-2
-1
0
0
1
2
2
2
2
3
3
3
3
3
3
2
2
3
3
3
3
3
3
3
3
3
3
3
2
2
2
2
1
1
1
0
0
0
-1
0
-1
-1
-1
-1
-1
-1
-1
-1
-1
-2
-2
-3
-3
-3
-3
-4
-4
-5
-5
-5
-5
-4
-5
-4
-4
-4
-4
-3
-3
-3
-3
-3
-3
-3
-2
-2
-2
-1
-1
0
0
0
1
1
1
1
2
2
2
2
2
1
1
1
1
1
2
1
1
2
2
1
2
2
2
2
2
2
2
2
2
1
1
0
0
0
-1
-1
-1
-1
-1
-1
-1
-1
-1
-1
-1
-1
-1
-1
-1
-2
-2
-2
-2
-2
-2
-1
-1
-1
-1
0
0
0
0
0
0
0
-1
-1
-1
-1
-1
-1
-1
-1
-1
-1
-1
0
0
0
-1
-1
-1
-1
-1
-1
-1
-2
-2
-2
-2
-1
-1
-1
-1
-1
-1
0
0
0
0
0
0
0
0
0
0
0
0
0
0
-1
-1
0
0
0
0
1
1
0
0
0
0
0
0
0
0
0
0
0
0
0
0
0
0
-1
-1
-1
-1
-1
-1
-1
-1
-1
-1
0
0
0
0
0
0
0
0
0
0
0
0
-1
-1
-1
-1
0
-1
-1
-1
-1
-1
-1
-1
-1
-1
-1
0
0
0
0
0
0
0
0
0
0
0
0
-1
-1
-1
-1
-1
-1
-1
-1
-1
-1
-1
-1
-1
0
-1
-1
-1
-1
-1
-1
-1
-1
-1
-1
-1
0
0
0
0
0
0
0
0
0
0
0
0
-1
-1
-1
-1
-1
0
0
-1
-1
0
0
0
0
0
0
0
0
0
0
0
0
0
0
0
0
0
0
0
0
0
0
0
0
-1
-1
-1
-1
-2
-1
-2
-2
-2
-1
-1
-1
-1
-1
-1
0
0
-1
-1
-1
0
0
0
0
-1
-1
-1
0
0
0
-1
-1
-1
-1
-1
-1
0
0
0
0
0
0
0
0
0
0
0
0
0
0
0
1
1
0
0
0
0
0
0
0
-1
-1
-1
-1
-1
-1
-1
-1
-1
-1
-1
-1
-1
-1
0
0
0
0
0
0
0
0
0
0
0
0
0
0
0
0
0
0
0
0
0
-1
-1
0
-1
-1
-1
-1
-1
-1
0
0
0
0
0
0
0
0
1
1
0
0
0
0
-1
0
-1
-1
-1
-1
-2
-2
-1
-1
-1
-1
-1
-2
-1
-1
-1
-1
-1
-1
-1
-1
0
0
0
0
0
0
0
0
0
0
0
0
0
0
0
0
0
-1
-1
-1
-1
-1
-1
0
-1
-1
0
0
0
0
0
0
0
0
0
0
0
0
0
0
0
-1
-1
-1
-1
0
-1
-1
-1
-1
0
0
-1
0
0
0
0
0
0
0
0
0
0
0
0
0
0
0
0
0
0
0
0
-1
-1
-1
-1
-1
-1
-1
-1
-1
-1
-1
-1
-1
0
0
0
0
0
0
0
0
0
0
0
0
-1
0
-1
-1
0
0
0
-1
-1
-1
-1
0
0
-1
0
0
0
0
0
0
0
0
0
-1
-1
-1
-1
0
0
0
-1
-1
-1
0
0
0
0
0
-1
-1
-1
-1
-1
-1
-1
-1
-1
-1
0
0
0
0
0
0
1
1
1
1
1
0
0
0
0
-1
-1
-1
-1
-2
-1
-1
-1
-1
-1
-1
-1
-2
-2
-1
-1
-1
-1
-1
-1
0
0
0
0
0
0
0
0
0
0
0
0
0
0
-1
-1
-1
-1
-1
-1
0
0
0
-1
-1
-1
0
0
-1
-1
-1
-1
-1
-1
-1
-1
0
0
0
0
0
0
0
0
-1
-1
-1
-1
-1
-1
-1
-1
0
0
0
0
0
0
0
0
0
0
0
0
0
0
0
0
0
0
0
0
0
-1
-1
0
0
0
-1
-1
-1
-1
-1
-1
-1
-1
-1
-1
-1
0
0
0
0
0
0
0
0
0
0
0
0
0
0
0
0
0
0
0
-1
-1
0
-1
-1
-1
-1
-1
0
0
-1
-1
0
0
0
-1
-1
0
0
-1
-1
-1
-1
-1
-1
-1
-1
-2
-1
-1
-1
-1
-1
0
0
-1
-1
0
0
0
0
0
0
0
0
0
0
1
1
1
0
0
0
1
0
0
0
-1
-1
-1
-1
-1
-1
-1
-1
-1
-1
-1
0
0
0
-1
-1
-1
-1
-1
-1
0
-1
-1
-1
-1
0
0
0
0
0
0
0
0
0
0
0
0
-1
-1
0
0
0
0
0
0
0
0
0
0
0
0
0
0
0
0
0
0
-1
-1
-1
-1
-1
-1
-1
-1
-1
-1
-1
-1
-1
-1
-1
-1
-1
-1
-1
-1
-1
-1
-1
0
0
0
0
0
0
0
0
0
0
0
0
-1
-1
-1
0
0
0
0
0
0
0
0
0
0
0
0
0
0
0
0
0
0
0
0
0
0
0
-1
-1
0
0
0
0
-1
-1
-1
-1
-1
-1
-1
-1
-1
-1
-1
-1
-1
-1
-1
-1
0
-1
0
0
0
0
0
-1
-1
0
0
-1
-1
-1
0
0
0
0
0
0
0
0
0
0
0
0
0
0
0
0
0
0
0
0
0
0
0
0
0
0
0
-1
-1
-1
-1
-1
-1
-1
-1
-1
-1
-1
-1
-1
-1
-1
-1
-1
-1
-1
0
0
0
0
0
0
0
0
0
0
0
0
0
0
0
0
0
0
0
0
0
0
0
-1
-1
0
0
0
0
0
0
0
0
0
0
0
0
-1
-1
-1
0
0
0
0
-1
-1
-1
-1
-1
-1
-1
-1
-1
-1
-1
-1
-1
0
-1
-1
-1
0
0
0
-1
0
0
0
-1
-1
-1
0
0
0
0
0
0
0
0
0
0
0
0
0
0
0
0
0
0
0
-1
-1
0
-1
0
-1
-1
0
-1
-1
-1
-1
-1
-1
-1
-1
-1
-1
-1
-1
-1
-1
-1
-1
-1
0
0
0
0
-1
-1
0
0
0
-1
0
0
0
0
0
0
0
0
0
0
0
0
0
0
0
-1
0
