104
94
96
102
102
98
95
91
76
49
14
-11
-17
-10
-6
-22
-61
-95
-99
-82
-54
-35
-30
-35
-47
-56
-50
-27
1
16
15
4
-13
-25
-31
-24
-7
15
31
30
9
-22
-37
-13
39
75
68
37
21
35
53
55
60
88
114
94
45
7
10
32
32
14
-4
-11
-24
-47
-61
-50
-25
-8
-2
-2
-3
-10
-9
23
68
91
78
55
54
72
77
60
44
38
37
24
-5
-36
-57
-66
-61
-53
-55
-70
-88
-89
-71
-54
-43
-28
-1
23
25
22
32
59
89
100
97
100
101
95
83
74
69
63
45
29
19
2
-26
-49
-46
-27
-24
-49
-73
-69
-41
-21
-31
-46
-30
6
25
12
-16
-23
-1
30
35
11
-20
-33
-22
-6
-1
-12
-20
-16
-9
-6
-12
-16
-2
24
52
61
40
8
2
32
67
74
50
20
6
2
-7
-25
-31
-25
-22
-38
-64
-77
-71
-53
-31
-15
-9
-9
-11
-1
22
48
62
61
54
49
35
4
-20
-20
-9
-15
-47
-89
-121
-136
-132
-110
-89
-90
-115
-130
-112
-65
-22
-1
16
48
83
93
85
81
109
150
170
161
123
84
54
45
50
50
29
-10
-50
-75
-88
-94
-92
-83
-73
-72
-93
-122
-135
-120
-84
-56
-58
-81
-100
-102
-89
-75
-67
-55
-32
-16
-25
-53
-65
-36
19
62
68
50
39
52
86
114
124
119
117
128
131
106
68
50
68
86
66
8
-46
-58
-45
-37
-46
-62
-69
-73
-78
-76
-63
-46
-34
-28
-22
-16
-20
-24
-12
10
21
8
-11
-21
-28
-37
-41
-29
-7
-1
-24
-56
-59
-31
3
15
16
23
45
58
49
39
48
82
116
128
102
66
52
67
84
75
51
46
61
66
37
-11
-27
4
42
44
12
-16
-17
-7
-11
-23
-27
-19
-16
-30
-48
-56
-57
-55
-61
-59
-37
-21
-28
-47
-50
-22
20
43
41
39
49
64
69
70
76
89
89
74
58
48
34
10
-9
-7
0
-14
-52
-83
-84
-62
-48
-51
-51
-38
-23
-21
-21
-8
28
62
74
70
63
64
71
75
69
62
61
59
39
-2
-40
-53
-38
-27
-46
-82
-103
-99
-86
-80
-78
-64
-48
-43
-42
-35
-15
6
19
30
40
39
26
15
27
51
60
41
15
2
1
-6
-18
-18
-5
8
-6
-38
-55
-48
-25
-5
-1
-8
-22
-31
-32
-32
-32
-32
-17
-2
-4
-29
-51
-39
-1
31
33
20
20
34
43
43
52
73
91
89
62
36
28
29
28
24
15
-8
-46
-78
-87
-80
-78
-85
-93
-90
-85
-96
-108
-97
-53
-7
13
7
6
19
32
34
39
64
95
97
60
20
8
24
31
13
-13
-17
-5
-7
-27
-51
-45
-9
21
25
8
-5
8
38
63
68
56
39
35
41
44
35
17
4
-1
-8
-31
-55
-62
-46
-30
-36
-60
-79
-67
-39
-24
-15
-2
26
48
41
16
6
30
69
90
77
50
21
3
-6
-9
0
2
-8
-24
-41
-61
-83
-93
-76
-39
-19
-31
-58
-72
-56
-28
-5
15
35
50
46
30
21
28
43
51
57
56
50
24
-2
-9
4
19
10
-7
-15
-9
-5
-16
-29
-27
-2
17
16
8
6
16
23
21
14
10
5
3
5
5
8
4
-9
-20
-23
-10
8
13
5
-6
3
22
38
34
27
35
54
66
57
41
34
38
44
39
24
2
-27
-47
-46
-33
-28
-49
-75
-80
-64
-53
-58
-64
-46
-12
4
-11
-32
-27
2
34
48
51
49
38
28
24
32
40
41
39
37
30
6
-24
-38
-27
0
13
0
-22
-37
-38
-36
-29
-20
-13
-5
-2
-3
-13
-24
-21
6
38
48
32
10
9
22
33
31
22
23
26
15
-3
-17
-23
-27
-39
-49
-50
-57
-75
-93
-97
-84
-76
-78
-82
-78
-63
-54
-57
-62
-50
-21
5
16
18
30
50
61
61
65
80
104
118
106
87
73
71
75
69
62
61
55
29
-1
-25
-31
-28
-36
-46
-55
-66
-85
-114
-128
-102
-58
-32
-41
-63
-61
-37
-18
-10
9
52
91
95
60
37
54
91
114
109
96
83
62
28
-6
-25
-22
-19
-38
-73
-105
-124
-137
-142
-133
-106
-85
-92
-109
-108
-73
-17
27
51
72
105
134
140
137
153
199
232
222
180
145
138
133
104
71
52
39
0
-72
-128
-130
-99
-96
-124
-147
-142
-128
-133
-145
-124
-67
-17
-10
-36
-48
-29
-2
17
20
23
21
6
-9
-13
-8
-3
-2
2
9
6
-10
-17
2
41
70
65
48
43
52
60
58
59
64
65
46
9
-21
-29
-21
-12
-11
-21
-39
-53
-57
-46
-21
4
19
28
33
34
34
37
48
67
76
67
42
7
-18
-24
-19
-25
-53
-90
-117
-131
-132
-130
-131
-118
-91
-69
-68
-80
-68
-24
26
54
54
45
42
50
63
80
91
94
89
72
46
27
23
26
36
43
35
12
-12
-21
-10
5
13
15
9
-5
-22
-29
-22
-7
-2
-9
-21
-29
-33
-44
-48
-36
-9
7
-5
-28
-45
-30
7
35
43
32
18
10
4
0
-7
-6
3
4
-18
-53
-81
-87
-72
-59
-58
-68
-88
-109
-108
-82
-50
-32
-31
-30
-16
1
4
1
15
58
94
83
37
6
19
52
73
75
70
66
61
48
43
53
72
88
89
79
67
52
42
53
76
96
83
46
11
-6
-11
-14
-15
-22
-38
-66
-103
-138
-146
-128
-103
-85
-91
-105
-116
-112
-88
-60
-33
-11
8
17
10
2
10
39
77
101
100
82
60
48
58
75
80
72
50
27
12
0
-18
-29
-30
-23
-22
-51
-92
-114
-97
-60
-39
-49
-72
-81
-71
-51
-29
-8
15
37
46
47
48
59
86
123
144
139
129
125
137
142
135
130
134
136
111
60
10
-3
9
4
-32
-84
-121
-130
-143
-158
-169
-170
-164
-164
-172
-175
-154
-119
-80
-47
-24
-12
-6
2
28
68
105
124
116
86
58
38
27
25
18
14
-2
-30
-64
-84
-87
-77
-56
-39
-24
-17
-17
-18
-5
28
66
88
89
89
87
86
79
73
76
80
74
40
-7
-36
-44
-48
-74
-103
-105
-85
-73
-91
-114
-111
-69
-29
-32
-50
-52
-31
-17
-21
-23
-16
-9
-12
-7
6
24
38
38
43
63
77
72
58
63
76
79
68
53
48
38
16
-9
-21
-25
-48
-79
-111
-121
-118
-125
-136
-128
-95
-54
-23
-10
4
28
57
74
80
82
82
91
104
103
91
80
74
60
32
8
-4
0
-10
-38
-60
-65
-61
-57
-51
-41
-32
-21
-14
-22
-24
-11
4
30
57
58
43
19
8
12
15
21
9
10
12
9
-2
-7
15
35
53
51
52
53
49
54
60
65
70
70
62
32
8
2
1
-5
-15
-24
-20
-11
-6
-14
-26
-18
-8
-4
-22
-33
-25
1
12
-5
-21
-17
0
2
3
-11
-30
-37
-56
-73
-73
-68
-69
-60
-46
-31
-22
-38
-53
-49
-37
-19
-3
1
6
26
60
85
86
84
89
96
92
74
67
58
61
64
50
42
49
58
54
44
48
60
65
51
34
29
15
8
7
12
13
-6
-17
-7
2
-21
-62
-100
-107
-93
-95
-101
-112
-94
-57
-31
-27
-28
-32
-16
26
41
49
45
41
52
76
82
63
54
51
49
46
38
29
21
12
1
-12
-16
-13
-29
-35
-32
-16
-17
-35
-37
-29
2
19
31
39
35
18
15
25
43
57
53
56
72
81
68
45
30
31
42
32
7
-18
-35
-38
-54
-63
-79
-73
-61
-67
-82
-105
-106
-104
-89
-69
-69
-61
-50
-21
7
24
37
38
18
-3
-2
-32
-37
-256
-244
-311
-434
-330
-300
-162
-119
141
231
299
290
292
236
91
20
-90
-167
-322
-301
-291
-223
-148
19
155
218
271
254
222
142
71
-2
-172
-286
-383
-446
-423
-375
-301
-235
-54
33
155
171
233
229
186
179
85
-178
-285
-357
-478
-455
-355
-160
-111
135
381
506
479
589
513
373
167
-11
-190
-449
-598
-593
-593
-657
-407
-204
-27
106
381
479
552
558
528
355
121
-31
-101
-132
-203
-129
-44
9
72
234
246
166
-12
-47
-308
-472
-510
-503
-505
-382
-143
34
230
386
541
567
592
520
513
318
137
-31
-131
-180
-150
-6
31
12
-82
-157
-289
-392
-357
-312
-294
-165
-24
124
251
373
488
504
503
414
327
182
52
25
-27
37
197
367
506
529
509
434
379
313
177
26
-65
-74
-24
75
195
263
412
424
403
380
260
111
21
-95
-198
-235
-273
-291
-345
-339
-431
-441
-470
-440
-393
-273
-88
134
372
532
580
648
646
541
544
525
481
459
600
574
602
621
464
304
118
-91
-256
-313
-479
-583
-537
-518
-467
-439
-410
-464
-501
-417
-356
-196
-39
90
193
237
276
297
327
216
152
184
157
243
377
421
471
420
293
281
181
88
-49
-95
-120
-115
-34
-79
-180
-338
-421
-558
-601
-556
-653
-622
-545
-507
-457
-489
-498
-504
-452
-431
-402
-227
-130
-35
141
172
177
258
239
349
364
360
364
389
430
355
374
270
149
108
-22
-100
-87
-159
-152
-250
-291
-356
-425
-412
-412
-354
-316
-298
-188
-115
-29
33
6
26
-13
43
94
93
94
151
191
228
267
253
207
166
132
157
169
203
244
257
245
165
141
65
15
-43
-127
-197
-226
-248
-261
-233
-264
-277
-230
-157
-101
-95
-75
-98
-75
-47
-50
5
24
32
170
176
211
275
186
244
220
158
161
125
111
104
119
86
84
39
-4
-26
-90
-102
-134
-87
-99
-30
25
-5
-3
-20
-62
-101
-102
-173
-150
-95
-133
-70
-39
-24
-56
-153
-152
-153
-116
-78
-91
-91
-20
-21
53
17
-6
12
-39
3
28
98
97
167
186
212
164
123
-5
-87
-214
-207
-138
-133
23
-14
-30
-65
-105
-204
-260
-301
-298
-168
-67
24
70
69
116
102
86
37
-31
-14
26
25
-12
-17
-134
-139
-136
-171
-244
-258
-160
-157
-97
-147
-90
-72
-59
-19
-140
-156
-202
-92
-47
-47
-12
-31
30
1
-16
-86
-154
-150
-110
-38
-17
7
-18
7
-6
26
13
67
107
131
163
163
109
105
136
135
166
68
87
56
67
-6
-54
-91
-118
-58
-55
-75
-136
-102
-112
-144
-183
-174
-147
-81
-42
15
7
-13
60
75
98
73
56
50
87
106
180
235
226
227
207
131
90
74
57
68
83
74
124
91
40
-3
-111
-71
-83
-77
17
21
-17
20
43
23
12
17
23
3
25
15
48
111
180
254
273
254
222
230
204
160
74
22
-26
12
-43
-74
-112
-162
-89
-80
-71
-121
-138
-123
-82
-44
-56
-70
-38
15
74
74
63
50
83
102
127
85
50
52
14
12
-39
-112
-153
-138
-126
-73
-86
-43
-74
-47
-22
-24
-22
24
48
98
133
86
81
12
23
26
20
-33
-20
-50
-69
-25
-56
-51
-62
-35
13
34
38
59
101
104
170
186
167
217
269
322
351
349
271
274
254
178
143
89
72
138
168
161
138
119
157
181
204
182
143
165
166
158
165
147
154
155
137
115
61
38
23
53
67
68
84
63
56
64
89
149
166
156
96
38
13
-2
-15
-66
-116
-184
-196
-185
-169
-195
-183
-193
-230
-212
-249
-312
-379
-394
-435
-418
-408
-421
-423
-439
-432
-421
-387
-353
-323
-334
-351
-337
-322
-269
-223
-209
-180
-174
-147
-161
-135
-95
-46
58
119
141
163
205
262
288
339
323
314
348
392
427
473
465
462
514
508
539
525
496
518
543
584
673
677
664
661
631
609
645
678
673
643
582
548
544
566
557
498
416
377
361
381
351
264
151
6
-132
-342
-565
-776
-987
-1124
-1239
-1347
-1454
-1570
-1705
-1830
-1941
-2028
-2083
-2102
-2086
-2051
-1943
-1836
-1739
-1613
-1484
-1339
-1179
-983
-780
-588
-417
-235
-40
97
235
333
389
425
470
511
532
593
657
717
760
754
747
679
605
500
401
373
356
411
430
449
469
526
603
662
749
809
907
963
1074
1178
1313
1468
1550
1679
1778
1866
1967
2118
2255
2356
2468
2539
2573
2338
1921
1456
945
606
288
77
-184
-452
-781
-1075
-1300
-1618
-1917
-2415
-2790
-3063
-3224
-3079
-2982
-2840
-2792
-2743
-2550
-2409
-2152
-1986
-1853
-1641
-1362
-990
-483
-55
226
375
436
624
797
944
966
867
803
749
773
757
648
466
155
-141
-393
-502
-522
-565
-703
-869
-922
-934
-848
-764
-774
-803
-818
-758
-554
-288
-24
219
374
526
748
990
1248
1504
1705
1940
2143
2353
2530
2683
2773
2747
2737
2766
2866
2986
3097
3074
3071
3064
3115
2975
2353
1656
755
113
-324
-696
-952
-1248
-1538
-1929
-2109
-2414
-2684
-3073
-3657
-3868
-4046
-3775
-3375
-3058
-2730
-2691
-2357
-2066
-1752
-1413
-1353
-1232
-1014
-716
-176
451
757
933
834
785
906
994
1059
888
691
538
485
521
386
238
-109
-537
-911
-1125
-1180
-1217
-1254
-1481
-1592
-1569
-1472
-1267
-1175
-1182
-1156
-1023
-777
-370
30
378
625
765
974
1250
1584
1894
2057
2184
2287
2528
2766
2987
3093
3030
2866
2695
2651
2667
2787
2775
2688
2631
2624
2714
2666
2026
1246
333
-435
-764
-1084
-1182
-1417
-1652
-1992
-2178
-2282
-2530
-2763
-3460
-3853
-3979
-3826
-3211
-2831
-2441
-2352
-2213
-1856
-1608
-1225
-1140
-1154
-999
-765
-342
297
667
802
694
523
613
692
714
565
341
237
204
313
314
260
6
-464
-900
-1217
-1227
-1182
-1159
-1310
-1487
-1447
-1366
-1164
-970
-937
-926
-841
-677
-271
172
592
962
1146
1339
1579
1895
2169
2334
2460
2576
2773
3046
3267
3392
3395
3261
3138
3092
3112
3155
3168
3063
3009
2995
3001
2622
1910
1057
134
-363
-773
-991
-1251
-1529
-1827
-2096
-2240
-2605
-2821
-3426
-3994
-4143
-4268
-3785
-3402
-3095
-2784
-2618
-2157
-1805
-1452
-1263
-1249
-1067
-763
-380
192
606
822
915
813
879
1008
1041
962
767
651
618
690
580
408
204
-236
-600
-997
-1195
-1240
-1284
-1403
-1608
-1577
-1456
-1252
-1074
-1054
-1071
-979
-832
-521
-112
240
645
893
1090
1408
1733
2083
2309
2450
2599
2803
3088
3313
3471
3478
3431
3375
3346
3321
3276
3266
3188
3095
2995
2608
1963
1206
264
-337
-832
-1234
-1509
-1927
-2190
-2499
-2610
-2872
-3217
-3528
-4128
-4239
-4304
-4130
-3627
-3423
-3028
-2714
-2283
-1715
-1418
-1171
-1118
-1017
-611
-262
224
679
820
1020
1014
1048
1242
1216
1127
853
603
532
500
521
285
32
-365
-802
-1059
-1307
-1394
-1511
-1695
-1863
-1896
-1733
-1531
-1337
-1234
-1205
-1077
-862
-589
-141
193
525
833
1058
1458
1839
2199
2442
2545
2662
2815
3071
3291
3445
3520
3507
3510
3483
3498
3505
3480
3434
3251
2943
2281
1581
860
133
-359
-953
-1375
-1787
-2106
-2351
-2565
-2704
-3163
-3469
-3887
-4159
-4010
-3962
-3624
-3352
-3192
-2810
-2415
-1901
-1440
-1267
-1171
-1056
-829
-341
24
435
682
719
879
950
1137
1255
1136
904
642
522
496
544
396
157
-116
-510
-765
-943
-1096
-1213
-1458
-1748
-1839
-1784
-1488
-1201
-1088
-970
-941
-681
-343
-33
358
575
877
1166
1498
1949
2335
2640
2783
2884
3005
3211
3419
3512
3572
3624
3692
3792
3837
3834
3841
3724
3475
2892
2117
1464
673
208
-336
-886
-1252
-1753
-1965
-2279
-2492
-2809
-3343
-3742
-4250
-4318
-4132
-3941
-3528
-3321
-3090
-2558
-2124
-1690
-1356
-1320
-1099
-871
-483
26
466
862
973
1060
1070
1214
1366
1294
1146
863
687
620
571
524
318
37
-345
-744
-970
-1099
-1226
-1317
-1589
-1797
-1772
-1718
-1437
-1311
-1233
-1134
-1016
-687
-323
128
435
732
995
1210
1608
2023
2378
2658
2830
2985
3203
3439
3583
3674
3672
3655
3652
3662
3675
3723
3704
3419
3005
2093
1299
459
-293
-850
-1608
-1855
-2363
-2481
-2490
-2795
-2883
-3610
-4228
-4692
-5001
-4705
-4412
-3806
-3159
-2602
-1807
-1131
-668
-278
-212
-82
190
489
1152
1629
2196
2310
2197
2049
1590
1505
999
463
-16
-611
-630
-698
-692
-947
-1475
-1973
-2634
-2894
-2979
-3101
-2983
-2928
-2776
-2284
-1836
-1268
-859
-648
-409
-222
365
927
1634
2250
2572
2968
3077
3315
3484
3457
3428
3262
3266
3300
3443
3599
3531
3432
3261
3012
2931
2776
2712
2529
2054
1079
-199
-993
-2195
-2555
-3061
-3741
-3617
-4163
-3840
-3765
-3758
-3742
-4208
-4013
-4124
-3441
-2721
-2065
-853
-215
541
1364
1986
2459
2725
2661
2570
2583
2730
2900
3051
2987
2315
1700
698
-10
-650
-1620
-2316
-3255
-3698
-4032
-4058
-3902
-4122
-4181
-4438
-4413
-4148
-3657
-3021
-2350
-1741
-1201
-409
300
1172
1764
2065
2324
2513
2867
3211
3593
3760
3835
3719
3526
3387
3156
2885
2505
2093
1678
1495
1498
1501
1500
1401
1330
1321
1414
1475
1713
1876
1818
1427
194
-217
-1215
-1881
-1844
-2616
-2150
-2400
-2153
-1772
-1834
-1579
-2203
-2066
-2395
-2241
-1705
-1484
-425
180
860
1295
1865
2298
2155
2076
1724
1602
1514
1447
1561
1603
1265
812
100
-419
-1073
-1874
-2498
-3265
-3483
-3819
-3762
-3512
-3359
-3205
-3326
-3120
-2957
-2520
-2167
-1599
-1008
-700
30
491
1298
1841
1982
2212
2253
2442
2494
2668
2701
2758
2678
2444
2391
2220
2015
1687
1362
1141
953
872
915
894
956
951
1077
1292
1442
1686
1884
2019
1999
1182
172
-332
-1537
-1744
-2182
-2566
-2176
-2437
-1921
-1829
-1606
-1819
-2203
-2254
-2660
-2206
-2055
-1454
-648
20
728
1141
1951
1972
2003
1776
1399
1337
1071
1069
1148
1128
793
294
-222
-746
-1287
-1984
-2719
-3251
-3707
-3779
-3716
-3379
-3045
-2956
-2710
-2517
-2078
-1759
-1319
-769
-484
-28
397
956
1627
2017
2211
2334
2375
2311
2318
2225
2182
2094
1800
1605
1514
1434
1295
1056
880
736
611
682
730
936
1086
1243
1544
1897
2246
2668
2776
2784
2012
835
245
-1175
-1409
-2028
-2481
-2224
-2545
-1998
-1994
-1639
-1898
-2187
-2376
-2930
-2519
-2563
-1895
-1070
-285
541
1060
1980
2230
2456
2199
1833
1598
1206
1130
1146
1175
993
582
166
-241
-690
-1328
-2106
-2682
-3329
-3583
-3704
-3426
-3049
-2910
-2606
-2397
-1882
-1576
-1164
-798
-635
-299
-55
486
1103
1641
1939
2111
2293
2298
2353
2216
2116
1967
1714
1567
1520
1576
1548
1441
1349
1266
1194
1218
1287
1359
1422
1527
1664
2013
2346
2704
2784
2782
1822
718
-55
-1607
-1844
-2747
-3133
-3003
-3194
-2607
-2446
-1908
-2100
-2069
-2370
-2768
-2413
-2574
-1910
-1207
-292
584
1447
2566
3148
3602
3274
2926
2438
1886
1583
1280
1121
839
418
97
-169
-474
-1068
-1878
-2692
-3466
-3888
-4292
-4087
-3787
-3546
-3113
-2668
-1941
-1402
-853
-548
-358
-112
104
599
1180
1736
2069
2328
2560
2718
2814
2642
2450
2176
1806
1491
1328
1331
1299
1180
1090
1024
999
1093
1102
1117
1153
1120
1231
1429
1711
2055
2117
2169
1194
554
-317
-1636
-1847
-3065
-3310
-3550
-3618
-3105
-2715
-2047
-2041
-1561
-1869
-1821
-1585
-1787
-1220
-931
-161
445
1344
2390
3080
3632
3439
3270
2656
2035
1418
726
291
-335
-884
-1144
-1341
-1368
-1698
-2240
-2840
-3381
-3840
-4263
-4169
-4171
-3822
-3411
-2754
-1761
-923
-107
344
683
800
945
1141
1414
1759
1902
2182
2420
2744
2962
2864
2681
2297
1839
1336
1061
881
785
712
627
750
921
1152
1319
1461
1522
1462
1508
1522
1708
1802
1837
1461
526
167
-1002
-1454
-2005
-2920
-3028
-3658
-3491
-3275
-2752
-2482
-2160
-1860
-1959
-1320
-1306
-1018
-624
-386
188
510
1301
2018
2709
2986
3058
3007
2610
2275
1627
1051
326
-541
-1152
-1553
-1664
-1731
-1952
-2288
-2492
-2607
-2939
-3009
-3088
-3153
-3078
-2940
-2326
-1523
-655
62
682
1095
1358
1598
1739
1879
1802
1638
1528
1548
1861
2077
2153
2169
1977
1701
1421
1188
935
709
422
296
425
665
1000
1352
1693
1950
2130
2219
2267
2380
2185
1965
1006
203
-379
-1528
-1649
-2511
-2876
-3057
-3445
-3201
-3063
-2703
-2799
-2468
-2607
-2375
-1764
-1731
-1013
-645
-54
545
1054
1868
2425
2937
2991
3068
2837
2584
2268
1686
1248
446
-319
-914
-1347
-1539
-1802
-2190
-2609
-2752
-2960
-3126
-2999
-3039
-2936
-2900
-2688
-2039
-1289
-556
40
590
1022
1423
1732
2068
2290
2229
2101
1899
1884
2050
2040
1992
1910
1714
1548
1463
1316
1159
879
467
320
342
525
791
1092
1420
1717
2034
2233
2381
2462
2189
1836
678
-38
-889
-1915
-2139
-3122
-3264
-3601
-3750
-3444
-3101
-2717
-2588
-2194
-2417
-1941
-1618
-1521
-897
-690
-27
458
1133
2007
2705
3129
3169
3211
2880
2651
2112
1462
820
-111
-875
-1433
-1806
-1948
-2192
-2608
-2835
-2817
-2924
-2941
-2866
-2924
-2784
-2790
-2452
-1715
-984
-235
365
879
1405
1858
2131
2391
2455
2346
2210
1958
1980
2051
1917
1837
1689
1499
1350
1228
1110
1027
750
390
255
180
288
502
690
1075
1406
1726
2096
2370
2641
2474
2100
930
253
-710
-1830
-2121
-3263
-3311
-3578
-3608
-3134
-2830
-2463
-2304
-1937
-2113
-1591
-1457
-1421
-925
-878
-242
141
794
1615
2304
2759
2909
2998
2739
2574
1976
1293
601
-356
-1075
-1646
-2030
-2192
-2398
-2740
-2866
-2748
-2818
-2667
-2629
-2644
-2472
-2554
-2229
-1619
-963
-321
273
766
1389
1974
2334
2707
2697
2583
2355
2066
2023
1947
1734
1544
1471
1415
1425
1366
1219
1161
930
645
524
410
447
562
648
971
1255
1666
2007
2378
2606
2529
2101
926
434
-881
-1712
-2403
-3531
-3519
-3995
-3757
-3318
-2774
-2376
-1929
-1617
-1615
-1071
-1265
-1088
-934
-842
-327
-24
743
1489
2213
2572
2932
3081
2971
2796
2030
1354
462
-599
-1361
-2044
-2457
-2594
-2796
-2957
-2796
-2581
-2415
-2140
-2155
-2043
-2013
-2047
-1627
-1156
-563
-66
407
913
1524
2033
2421
2761
2752
2736
2487
2180
2097
1830
1532
1283
1111
1072
1155
1183
1211
1263
1091
981
859
761
701
632
680
882
1197
1598
1966
2387
2603
2643
2129
1099
520
-932
-1720
-2700
-3783
-3924
-4442
-4170
-3724
-3154
-2682
-2100
-1792
-1506
-937
-1072
-836
-881
-747
-379
-123
561
1168
1896
2226
2729
2874
2878
2812
2146
1633
645
-378
-1182
-2002
-2527
-2892
-3240
-3420
-3163
-2917
-2610
-2241
-2156
-1889
-1882
-1846
-1552
-1290
-870
-493
-56
445
1142
1655
2151
2561
2646
2820
2651
2457
2311
1943
1601
1288
1047
954
986
1010
1131
1240
1237
1327
1305
1284
1231
1057
952
962
1120
1386
1670
2009
2226
2356
1975
1206
709
-646
-1426
-2533
-3592
-3845
-4446
-4320
-4058
-3542
-2977
-2228
-1803
-1378
-823
-831
-511
-532
-369
-172
-47
406
892
1527
1854
2384
2544
2682
2669
2130
1733
828
-143
-984
-1888
-2527
-2995
-3470
-3757
-3572
-3346
-2924
-2474
-2235
-1739
-1540
-1330
-1016
-805
-540
-286
17
363
980
1381
1966
2445
2686
3037
2955
2875
2705
2309
1891
1506
1162
963
905
771
853
967
1051
1242
1298
1386
1436
1382
1277
1268
1273
1397
1581
1777
2037
2156
1910
1224
823
-352
-1078
-2040
-3221
-3583
-4350
-4385
-4196
-3804
-3306
-2677
-2198
-1728
-1037
-908
-569
-507
-359
-77
49
429
851
1395
1711
2191
2362
2525
2600
2185
1892
1069
271
-544
-1407
-2062
-2710
-3136
-3609
-3637
-3511
-3211
-2740
-2426
-1887
-1525
-1130
-755
-403
-106
97
283
405
795
1049
1533
1908
2164
2540
2637
2735
2678
2506
2138
1747
1340
1067
961
780
785
827
1018
1259
1464
1670
1764
1829
1785
1800
1817
1906
2029
2137
2270
2293
2133
1385
1020
13
-874
-1644
-2956
-3331
-4055
-4318
-4243
-4031
-3599
-3057
-2508
-2147
-1420
-1167
-855
-593
-449
-129
-23
279
657
1150
1444
1806
2052
2187
2336
1992
1669
1064
320
-334
-1088
-1726
-2282
-2781
-3235
-3392
-3308
-3133
-2847
-2651
-2237
-1849
-1484
-999
-636
-302
-62
107
276
643
895
1255
1561
1763
2200
2438
2605
2649
2569
2333
2020
1660
1316
1135
832
770
781
895
1128
1302
1546
1716
1876
1870
1862
1851
1901
2027
2020
2160
2136
2141
1577
1073
516
-682
-1196
-2507
-3227
-3687
-4317
-4220
-4200
-3804
-3399
-2807
-2469
-1909
-1393
-1253
-860
-757
-401
-135
92
538
1012
1452
1718
2085
2211
2514
2452
2086
1741
941
338
-426
-1172
-1781
-2417
-2964
-3346
-3341
-3292
-3069
-2961
-2671
-2225
-1916
-1488
-1136
-708
-339
-65
56
363
677
956
1377
1530
1881
2196
2381
2562
2628
2534
2280
1989
1638
1486
1263
1044
942
904
998
1117
1301
1510
1622
1653
1669
1677
1726
1788
1748
1757
1806
1799
1640
946
621
-313
-1079
-1789
-2959
-3268
-3992
-4262
-4254
-4047
-3588
-3054
-2501
-2139
-1426
-1127
-842
-584
-465
-142
9
312
716
1158
1376
1721
1964
2119
2340
1987
1774
1279
602
38
-727
-1377
-1963
-2547
-3079
-3289
-3311
-3259
-3074
-2994
-2579
-2188
-1823
-1381
-958
-543
-295
-88
107
565
788
1095
1394
1606
2100
2349
2551
2685
2707
2566
2321
2053
1734
1575
1271
1079
1062
1033
1136
1175
1275
1430
1501
1548
1607
1730
1793
1956
1922
2013
2090
1983
1751
1071
772
-200
-819
-1619
-2581
-2802
-3542
-3688
-3767
-3601
-3234
-2834
-2394
-2096
-1516
-1304
-942
-629
-431
-116
21
395
819
1245
1487
1822
2055
2304
2437
2139
1958
1395
778
120
-591
-1166
-1842
-2424
-3047
-3248
-3270
-3216
-3098
-2982
-2584
-2265
-1845
-1399
-892
-491
-222
-39
232
634
816
1174
1383
1685
2062
2297
2535
2642
2678
2462
2245
1946
1705
1520
1188
1037
899
859
903
968
1131
1244
1267
1375
1519
1734
1884
1996
2017
2161
2257
2209
1887
1192
825
-202
-753
-1539
-2471
-2735
-3511
-3706
-3797
-3687
-3408
-3051
-2693
-2433
-1871
-1657
-1256
-952
-721
-388
-211
225
633
1058
1275
1622
1840
2109
2270
2039
1950
1397
788
207
-469
-1050
-1659
-2236
-2816
-3016
-3169
-3181
-3075
-2977
-2582
-2339
-2006
-1633
-1201
-845
-563
-348
-90
273
430
833
1065
1328
1699
1901
2172
2315
2398
2263
2076
1816
1578
1447
1163
1040
921
867
929
1009
1176
1312
1419
1539
1692
1831
1944
2109
2087
2198
2233
2155
1893
1140
753
-317
-903
-1644
-2623
-2875
-3654
-3795
-3860
-3769
-3485
-3206
-2866
-2614
-2011
-1720
-1359
-1037
-769
-341
-31
416
877
1313
1593
1975
2154
2371
2490
2305
2182
1637
1016
425
-294
-935
-1606
-2212
-2861
-3171
-3317
-3350
-3208
-3128
-2791
-2507
-2126
-1728
-1304
-946
-639
-367
-79
352
591
1063
1378
1702
2090
2303
2515
2596
2689
2534
2403
2152
1919
1797
1524
1328
1073
969
953
953
998
1082
1126
1279
1441
1598
1810
1947
2013
2084
2231
2232
2052
1343
960
131
-559
-1137
-2290
-2580
-3271
-3618
-3675
-3749
-3495
-3267
-2868
-2613
-1977
-1561
-1242
-802
-557
-113
140
464
875
1313
1583
1871
2095
2334
2634
2394
2223
1781
1135
611
-188
-868
-1529
-2191
-2854
-3258
-3365
-3447
-3367
-3339
-3036
-2690
-2332
-1931
-1465
-1033
-685
-404
-154
342
613
1035
1339
1536
1935
2152
2350
2447
2544
2401
2263
2069
1816
1692
1308
1050
819
707
682
658
743
833
1005
1143
1351
1530
1722
1925
1974
2141
2259
2287
2156
1428
1133
402
-373
-856
-2030
-2397
-3020
-3501
-3567
-3631
-3421
-3224
-2864
-2639
-2095
-1624
-1369
-962
-696
-291
37
289
746
1199
1426
1770
2031
2271
2542
2338
2186
1850
1232
590
-115
-832
-1479
-2085
-2819
-3200
-3360
-3488
-3436
-3460
-3232
-2868
-2504
-2076
-1558
-1147
-793
-460
-198
311
570
899
1232
1458
1810
2055
2275
2403
2530
2421
2264
2087
1850
1708
1396
1104
896
734
657
642
661
718
828
915
1138
1413
1650
1866
2033
2114
2347
2430
2426
2082
1399
1082
43
-457
-1347
-2325
-2674
-3522
-3698
-3867
-3791
-3612
-3381
-3042
-2747
-2073
-1715
-1309
-938
-632
-169
102
517
956
1295
1600
1998
2217
2535
2649
2447
2312
1828
1228
593
-152
-894
-1608
-2348
-2990
-3297
-3486
-3548
-3561
-3509
-3209
-2886
-2502
-1985
-1495
-1062
-649
-355
85
527
757
1066
1265
1485
1802
2049
2186
2336
2382
2271
2199
2009
1829
1608
1231
931
708
578
613
609
633
745
859
1104
1380
1649
1944
2147
2330
2449
2676
2694
2645
2073
1499
1083
-2
-437
-1605
-2447
-2853
-3676
-3794
-3985
-3833
-3655
-3392
-3056
-2619
-1857
-1553
-1052
-672
-287
171
390
861
1310
1616
1858
2226
2475
2902
2949
2665
2486
1935
1318
621
-162
-963
-1740
-2603
-3246
-3445
-3643
-3689
-3802
-3682
-3285
-2936
-2483
-1977
-1457
-1047
-622
-374
130
566
717
1032
1192
1518
1862
2086
2245
2458
2581
2535
2463
2202
2028
1688
1243
932
690
567
513
495
556
800
927
1183
1511
1771
2108
2234
2328
2481
2725
2706
2642
1970
1498
1002
-119
-534
-1779
-2505
-3035
-3863
-3883
-4025
-3832
-3743
-3376
-2951
-2459
-1742
-1538
-967
-630
-265
136
373
908
1353
1627
1927
2352
2621
3017
2943
2738
2554
1948
1292
573
-158
-1053
-1851
-2756
-3321
-3528
-3924
-4027
-4179
-3920
-3493
-3146
-2665
-2124
-1568
-1129
-690
-410
157
472
623
950
1186
1563
1853
2082
2252
2493
2484
2394
2320
2072
1875
1408
1005
749
524
349
203
229
355
573
727
1053
1436
1687
1931
2018
2228
2360
2529
2543
2491
2101
1505
1185
124
-318
-1304
-2437
-2845
-3710
-3846
-4032
-4066
-3902
-3582
-3106
-2719
-1986
-1659
-1200
-873
-576
-102
160
654
1150
1511
1784
2175
2429
2810
2933
2713
2550
2091
1550
857
166
-692
-1507
-2299
-3125
-3452
-3863
-4039
-4150
-4032
-3609
-3291
-2826
-2331
-1727
-1318
-963
-751
-367
64
241
608
865
1257
1629
2006
2305
2521
2633
2473
2383
2119
1903
1509
1041
740
461
379
278
282
390
591
812
1063
1365
1561
1792
1996
2150
2344
2452
2577
2642
2705
2278
1801
1495
440
-31
-1084
-2210
-2652
-3575
-3896
-4095
-4143
-3956
-3663
-3200
-2715
-1940
-1569
-1160
-749
-457
39
238
618
1122
1390
1790
2315
2610
3139
3309
3140
3094
2634
2091
1413
547
-323
-1301
-2252
-3050
-3467
-3837
-3999
-4102
-4003
-3533
-3223
-2735
-2173
-1760
-1482
-1208
-1040
-617
-209
-78
312
687
1233
1796
2183
2577
2849
2930
2805
2621
2290
1924
1432
895
657
433
317
332
382
603
801
960
1130
1353
1523
1599
1712
1808
1950
2089
2250
2427
2533
2566
1943
1745
1178
223
-235
-1636
-2290
-2944
-3753
-3961
-4228
-4077
-3922
-3531
-3120
-2465
-1775
-1468
-967
-692
-234
116
220
640
1056
1280
1734
2161
2609
3180
3153
3096
2918
2477
1865
1049
123
-880
-1676
-2785
-3337
-3689
-4088
-3988
-4196
-3854
-3392
-3138
-2783
-2405
-2142
-1886
-1650
-1550
-1013
-733
-372
179
712
1450
2047
2460
2748
3073
2944
2836
2521
2092
1827
1229
838
610
472
402
386
402
598
782
853
1067
1163
1268
1321
1400
1574
1814
2005
2121
2358
2507
2453
1936
1764
1022
336
-322
-1709
-2138
-2948
-3617
-3877
-4104
-3917
-3809
-3444
-3087
-2417
-1903
-1648
-1210
-901
-367
-160
94
671
1085
1445
1986
2473
3072
3472
3286
3216
2994
2515
1801
896
102
-761
-1637
-2416
-2855
-3191
-3461
-3728
-3892
-3602
-3466
-3454
-3272
-3041
-2816
-2502
-2280
-1794
-1119
-705
-112
547
1316
1967
2361
2747
3087
3248
3100
2891
2557
2278
1878
1322
1033
770
545
447
404
480
647
693
720
918
1001
1003
970
973
1195
1423
1626
1876
2312
2751
3030
3185
2687
2598
2032
938
389
-1061
-1888
-2703
-3712
-3964
-4174
-4098
-4025
-3657
-3194
-2527
-1951
-1696
-1152
-848
-497
-243
-21
572
1081
1300
1786
2351
2805
3356
3352
3411
3375
2915
2320
1604
1018
101
-843
-1892
-2555
-2955
-3582
-3885
-4253
-4145
-4049
-4078
-3796
-3336
-2963
-2738
-2386
-2050
-1339
-910
-500
160
764
1420
1859
2379
2835
3154
3065
2909
2792
2505
2211
1576
1136
863
580
382
302
379
456
593
620
819
988
960
941
946
1071
1210
1358
1526
1922
2357
2635
3023
2864
2587
2502
1450
861
-58
-1364
-1952
-2975
-3553
-3807
-3962
-3960
-3764
-3311
-2892
-2217
-1848
-1411
-979
-703
-339
-219
69
526
808
1049
1640
2069
2694
3137
3225
3468
3320
2986
2318
1623
821
-215
-1198
-2227
-2734
-3308
-3708
-3970
-4215
-4019
-4031
-3945
-3673
-3411
-3249
-3011
-2734
-2197
-1520
-1070
-411
262
1085
1777
2267
2733
3060
3211
3029
2893
2597
2303
1932
1403
1206
986
859
752
691
773
805
833
793
822
773
636
465
445
529
699
914
1214
1705
2176
2730
3016
3324
2964
2648
2194
997
565
-750
-1742
-2415
-3415
-3553
-3790
-3643
-3554
-3260
-2826
-2437
-1866
-1690
-1326
-1249
-1068
-850
-733
-263
201
574
1102
1823
2359
3055
3314
3410
3451
2985
2508
1737
1053
234
-722
-1604
-2293
-2695
-3216
-3440
-3789
-3944
-3918
-4109
-4010
-3826
-3660
-3500
-3204
-2821
-2141
-1548
-983
-225
445
1216
1765
2300
2771
3046
3054
2965
2908
2696
2472
1987
1611
1443
1210
1048
894
863
879
816
704
688
616
519
353
207
300
389
563
850
1310
1824
2322
2833
3194
3590
3643
3101
2887
2166
1349
669
-685
-1364
-2114
-2829
-3104
-3413
-3367
-3376
-3178
-2945
-2598
-2272
-2139
-1835
-1727
-1358
-1109
-851
-291
108
485
1015
1573
2138
2694
2824
2974
2976
2706
2381
1782
1221
455
-453
-1280
-1830
-2369
-2803
-3130
-3558
-3558
-3645
-3757
-3671
-3640
-3611
-3509
-3330
-2997
-2416
-2008
-1402
-701
50
923
1555
2231
2748
3063
3201
3240
3091
2875
2606
2147
1883
1580
1360
1248
1185
1195
1172
1142
1030
973
845
625
397
173
61
58
109
349
718
1144
1713
2231
2872
3295
3635
3721
3254
3152
2267
1425
633
-762
-1435
-2456
-3073
-3344
-3563
-3428
-3466
-3054
-2714
-2285
-2109
-2050
-1860
-1892
-1664
-1701
-1469
-1034
-672
-228
419
1181
1888
2477
2637
2948
3020
2798
2397
1743
1239
478
-308
-1055
-1567
-1888
-2395
-2740
-3094
-3187
-3319
-3610
-3711
-3831
-3885
-3942
-3930
-3624
-3116
-2651
-1986
-1153
-189
795
1580
2344
2966
3322
3381
3324
3202
2952
2567
2083
1840
1741
1668
1626
1596
1713
1736
1638
1481
1342
1133
702
232
-185
-407
-550
-604
-450
-55
558
1215
1909
2654
3386
3839
4062
3999
3424
3129
2167
1100
317
-1043
-1678
-2454
-3041
-3134
-3309
-3208
-3186
-2937
-2724
-2509
-2503
-2637
-2617
-2800
-2714
-2726
-2475
-1918
-1426
-830
-18
885
1747
2464
2770
3134
3199
2973
2580
1982
1480
807
84
-554
-882
-1143
-1440
-1750
-2090
-2202
-2472
-2892
-3292
-3628
-3969
-4249
-4416
-4308
-3859
-3406
-2687
-1837
-798
282
1128
1974
2690
3197
3406
3449
3348
3235
3023
2677
2546
2455
2453
2455
2439
2518
2455
2241
1908
1538
1111
578
-24
-494
-783
-951
-1002
-839
-442
116
781
1397
2092
2712
3182
3576
3619
3659
3239
2566
2203
1082
525
-264
-1231
-1429
-2180
-2380
-2604
-2815
-2913
-3144
-3141
-3367
-3372
-3616
-3611
-3521
-3436
-3045
-2785
-2064
-1358
-637
126
945
1662
2297
2823
2961
3150
2905
2581
2233
1730
1315
705
261
-136
-429
-739
-1127
-1420
-1903
-2321
-2855
-3425
-3782
-4245
-4564
-4706
-4648
-4221
-3696
-3004
-2124
-1184
-125
804
1691
2491
3061
3451
3635
3759
3754
3583
3329
3043
2860
2713
2531
2364
2234
2104
1884
1630
1330
991
599
114
-374
-778
-1089
-1249
-1333
-1243
-990
-614
-71
514
1215
1876
2482
2935
3313
3571
3621
3432
2784
2379
1637
815
130
-965
-1468
-2078
-2665
-2986
-3283
-3333
-3548
-3594
-3604
-3496
-3429
-3425
-3265
-3114
-2757
-2529
-2094
-1484
-928
-357
233
912
1567
2149
2396
2579
2642
2540
2366
2022
1703
1312
846
404
129
-173
-426
-824
-1288
-1552
-1963
-2350
-2795
-3174
-3483
-3653
-3760
-3649
-3227
-2844
-2200
-1535
-680
267
969
1678
2232
2675
2905
2942
2894
2852
2702
2433
2287
2199
2228
2189
2117
2134
2106
1980
1710
1364
988
543
-29
-603
-1016
-1333
-1468
-1510
-1421
-1056
-607
-117
400
974
1485
1900
2176
2271
2499
2562
2439
2285
1787
1729
1314
806
513
-273
-443
-1080
-1597
-1904
-2403
-2624
-3236
-3402
-3599
-3682
-3783
-3940
-3663
-3544
-3120
-2893
-2353
-1677
-1192
-609
-75
653
1231
1674
1933
2275
2519
2634
2629
2515
2573
2382
2202
1904
1664
1475
1059
587
34
-422
-1013
-1604
-2285
-2808
-3223
-3639
-3837
-3911
-3606
-3300
-2813
-2210
-1481
-621
37
695
1257
1760
2031
2202
2342
2497
2570
2451
2483
2533
2696
2705
2600
2578
2486
2283
1872
1436
958
402
-279
-961
-1446
-1831
-2164
-2357
-2332
-2019
-1563
-1165
-644
-18
602
1104
1626
1985
2401
2792
2904
3081
3227
3032
2856
2672
2036
1686
914
83
-445
-1331
-1810
-2458
-2983
-3319
-3732
-3835
-3962
-3961
-3951
-3738
-3586
-3250
-2839
-2486
-1860
-1443
-865
-295
251
845
1350
1825
2255
2612
2809
3057
3129
3134
3051
2781
2533
2165
1747
1255
753
152
-455
-1049
-1588
-2054
-2544
-2923
-3272
-3448
-3562
-3509
-3332
-3116
-2726
-2301
-1745
-1186
-654
-121
381
817
1161
1515
1783
2043
2169
2254
2413
2498
2511
2444
2339
2207
2040
1720
1388
1058
640
189
-286
-707
-1042
-1332
-1586
-1706
-1755
-1636
-1476
-1214
-792
-433
35
465
941
1547
2073
2546
2909
3281
3537
3670
3648
3239
3115
2537
1861
1360
383
-32
-761
-1462
-1870
-2386
-2635
-3052
-3260
-3448
-3548
-3640
-3745
-3625
-3564
-3288
-3140
-2752
-2232
-1775
-1180
-596
126
860
1508
2026
2550
2952
3247
3418
3388
3402
3229
2948
2619
2225
1872
1446
892
288
-315
-986
-1597
-2319
-2950
-3509
-4043
-4417
-4694
-4743
-4640
-4412
-4066
-3538
-2937
-2254
-1504
-821
-76
528
1043
1580
1995
2360
2589
2769
2929
3052
3085
3035
2952
2775
2497
2077
1602
1134
605
15
-592
-1081
-1402
-1660
-1817
-1864
-1780
-1536
-1270
-934
-499
-29
429
869
1401
1922
2518
3024
3479
3923
4365
4585
4703
4732
4259
4090
3355
2518
1841
540
-210
-1270
-2203
-2831
-3543
-3913
-4304
-4432
-4491
-4356
-4341
-4195
-3990
-3850
-3444
-3275
-2821
-2252
-1710
-1044
-360
456
1355
2108
2681
3277
3637
3920
3894
3693
3526
3097
2603
2001
1466
959
476
-115
-687
-1165
-1774
-2246
-2832
-3302
-3764
-4276
-4601
-4798
-4770
-4665
-4386
-3956
-3278
-2531
-1790
-984
-229
476
985
1392
1755
2041
2176
2213
2281
2394
2505
2537
2544
2593
2593
2465
2268
1993
1716
1318
780
314
-89
-400
-669
-854
-835
-696
-430
-160
186
602
899
1169
1350
1561
1702
1807
1929
2087
2356
2548
2776
3027
3203
3325
3149
2731
2500
1797
1099
331
-726
-1256
-2022
-2604
-2915
-3166
-3208
-3343
-3336
-3269
-3117
-3166
-3219
-3298
-3333
-3171
-3209
-2913
-2496
-2046
-1444
-864
-159
647
1251
1666
2019
2113
2200
2070
1806
1715
1430
1211
1067
922
920
882
690
457
174
-338
-832
-1473
-2111
-2660
-3282
-3690
-3949
-3968
-3813
-3561
-3145
-2589
-2006
-1452
-933
-460
1
298
494
750
1065
1409
1717
2042
2491
2979
3357
3646
3820
3890
3789
3447
2991
2507
1955
1344
775
359
60
-150
-330
-440
-404
-412
-475
-538
-592
-621
-643
-676
-565
-320
-20
424
879
1443
2087
2600
3059
3442
3615
3681
3602
3196
2654
2214
1438
782
179
-641
-1039
-1616
-2099
-2392
-2759
-3071
-3510
-3897
-4159
-4386
-4635
-4729
-4750
-4516
-4086
-3781
-3133
-2381
-1712
-1018
-471
75
661
1015
1218
1467
1600
1776
1857
1948
2211
2322
2374
2370
2254
2161
1860
1364
833
197
-491
-1152
-1758
-2213
-2521
-2773
-2888
-2803
-2598
-2384
-2142
-1906
-1626
-1399
-1219
-1016
-786
-473
-229
59
499
958
1439
1825
2167
2485
2704
2794
2745
2659
2497
2267
1976
1738
1522
1354
1179
916
768
617
418
244
30
-162
-299
-434
-497
-468
-367
-226
-84
127
415
588
815
975
1049
1232
1286
1345
1494
1564
1665
1762
1704
1767
1527
1299
1151
563
339
-154
-662
-849
-1287
-1545
-1709
-1850
-2091
-2209
-2415
-2559
-2628
-2909
-2959
-3062
-2997
-2884
-2806
-2405
-2015
-1629
-1199
-773
-371
109
357
545
844
931
1085
1198
1349
1570
1711
1839
1934
2006
1979
1815
1545
1237
848
353
-105
-536
-883
-1171
-1488
-1730
-1866
-1996
-2124
-2212
-2279
-2277
-2293
-2274
-2153
-1874
-1539
-1211
-833
-425
59
471
859
1218
1519
1782
1944
2113
2298
2408
2454
2434
2365
2293
2114
1873
1594
1296
974
626
330
77
-104
-334
-467
-588
-684
-719
-797
-764
-778
-744
-693
-598
-340
-116
151
524
970
1425
1865
2197
2486
2741
2797
2684
2310
2099
1733
1236
968
462
273
102
-261
-471
-654
-929
-1384
-1817
-2320
-2669
-2997
-3337
-3443
-3448
-3212
-3094
-2840
-2390
-2057
-1742
-1526
-1379
-1131
-806
-652
-333
43
377
788
1103
1484
1777
1942
1960
1851
1716
1501
1221
927
688
340
8
-239
-515
-681
-900
-1193
-1406
-1577
-1749
-1838
-1875
-1847
-1754
-1691
-1606
-1466
-1248
-1081
-954
-777
-571
-310
-31
252
580
931
1223
1416
1570
1694
1751
1707
1587
1461
1374
1324
1259
1195
1201
1192
1154
1114
974
855
727
548
398
282
248
284
410
495
627
728
819
960
954
1034
1056
1085
1252
1350
1512
1705
1816
1884
1931
1678
1390
1262
773
506
197
-244
-313
-595
-859
-1006
-1143
-1291
-1558
-1830
-1984
-2008
-2119
-2145
-2188
-2128
-1906
-2030
-2026
-1903
-1951
-1903
-1912
-1954
-1726
-1456
-1303
-1001
-733
-464
-184
-44
195
335
426
547
534
642
820
885
967
1053
991
969
973
820
730
575
330
145
-68
-256
-438
-617
-762
-926
-1081
-1211
-1285
-1244
-1200
-1254
-1285
-1185
-1052
-887
-777
-651
-373
-64
181
452
836
1222
1539
1718
1882
2072
2247
2336
2279
2286
2300
2232
2170
2047
1896
1760
1514
1186
937
713
457
256
57
-119
-221
-345
-449
-515
-528
-457
-421
-211
87
324
714
1022
1250
1514
1633
1535
1406
1398
1188
1055
961
725
680
485
130
-185
-462
-765
-1267
-1755
-2138
-2435
-2705
-3041
-3349
-3549
-3571
-3745
-3857
-3700
-3480
-3197
-2914
-2656
-2253
-1736
-1370
-1107
-754
-462
-94
274
646
1071
1471
1884
2157
2343
2476
2468
2402
2259
1957
1608
1348
1075
752
452
94
-193
-382
-649
-926
-1109
-1214
-1337
-1521
-1687
-1797
-1783
-1731
-1687
-1583
-1369
-1052
-750
-408
-61
286
640
897
1066
1209
1407
1593
1747
1834
1882
1979
2064
2097
2007
1877
1754
1608
1379
1079
829
642
485
271
27
-89
-128
-154
-206
-287
-260
-196
-183
-189
-175
-70
72
246
462
713
1077
1353
1546
1636
1650
1617
1419
1341
1248
1146
1116
905
702
415
67
-273
-620
-824
-1094
-1383
-1628
-1841
-1962
-2161
-2331
-2513
-2622
-2631
-2678
-2604
-2463
-2268
-2098
-1929
-1674
-1427
-1108
-812
-562
-350
-187
24
242
465
583
649
732
829
923
974
1082
1176
1185
1105
950
820
677
459
175
-116
-323
-460
-555
-633
-691
-725
-796
-845
-875
-853
-750
-691
-649
-657
-613
-455
-289
-123
0
170
381
555
721
860
1034
1155
1162
1125
1075
1079
994
850
752
670
660
620
562
558
539
490
385
296
260
201
112
1
-66
-75
-48
10
101
250
410
583
762
927
1111
1275
1431
1585
1706
1786
1795
1774
1697
1570
1515
1485
1410
1261
1041
729
424
165
-116
-315
-459
-661
-910
-1148
-1357
-1537
-1687
-1848
-1984
-2076
-2169
-2274
-2355
-2353
-2303
-2240
-2091
-1885
-1685
-1516
-1372
-1230
-1103
-939
-786
-633
-440
-285
-183
-105
0
109
200
273
283
245
205
158
56
-44
-147
-255
-345
-421
-534
-644
-694
-765
-794
-800
-740
-646
-563
-425
-335
-231
-125
-32
58
174
337
455
613
765
897
1045
1150
1258
1255
1202
1210
1166
1097
1030
976
893
844
763
630
541
476
444
396
372
349
299
331
349
334
355
393
446
483
521
580
672
779
861
969
1132
1244
1339
1438
1532
1593
1639
1661
1570
1494
1399
1275
1200
1102
994
858
656
409
190
-29
-260
-453
-656
-907
-1163
-1388
-1584
-1713
-1808
-1877
-1925
-1940
-1967
-2033
-2007
-1930
-1859
-1824
-1787
-1707
-1612
-1449
-1311
-1174
-959
-758
-617
-530
-418
-361
-360
-356
-410
-414
-338
-318
-344
-367
-373
-438
-523
-562
-636
-654
-679
-722
-742
-707
-604
-558
-484
-417
-337
-201
-46
162
328
486
652
743
855
983
1121
1097
1085
1101
914
891
893
942
971
1015
961
776
788
649
486
455
401
264
123
86
-20
-42
25
17
92
235
355
384
536
622
657
785
836
942
1012
985
975
1049
1048
1007
1180
1242
1176
1241
1260
1177
1211
1219
1094
919
774
622
526
516
411
353
322
62
-177
-248
-333
-390
-399
-533
-761
-923
-1101
-1212
-1185
-1161
-1140
-1108
-1142
-1174
-1160
-1122
-1079
-1071
-1132
-1194
-1227
-1281
-1288
-1241
-1167
-1090
-1001
-917
-848
-760
-684
-659
-602
-506
-468
-433
-378
-386
-393
-329
-275
-243
-213
-206
-246
-261
-238
-207
-146
-72
-73
-131
-143
-101
-51
24
116
152
239
311
352
453
555
612
594
598
531
442
414
340
347
284
123
73
101
-30
-135
-68
-86
-187
-272
-246
-306
-310
-263
-227
-134
-11
62
173
401
528
634
898
1090
1159
1259
1358
1438
1438
1457
1474
1477
1470
1388
1331
1303
1290
1312
1316
1289
1303
1298
1151
975
852
667
445
326
277
170
46
-69
-210
-312
-345
-373
-343
-333
-456
-612
-728
-848
-909
-900
-913
-902
-934
-1001
-1003
-971
-956
-954
-978
-1083
-1183
-1254
-1329
-1398
-1456
-1487
-1517
-1544
-1542
-1514
-1435
-1368
-1324
-1235
-1140
-1058
-938
-852
-825
-682
-516
-412
-261
-111
-13
111
235
281
372
502
514
436
405
369
283
231
181
74
-1
-102
-252
-198
-154
-259
-236
-121
-222
-359
-292
-225
-285
-250
-131
-6
125
246
436
616
736
734
836
991
917
894
1045
1067
996
1104
1161
1155
1209
1216
1171
1124
1121
1010
934
914
790
677
650
551
440
350
360
334
242
268
304
360
355
428
535
596
747
859
900
946
929
866
812
815
835
874
853
768
673
546
358
219
108
-56
-225
-424
-639
-835
-1020
-1155
-1238
-1318
-1446
-1569
-1639
-1655
-1633
-1609
-1522
-1436
-1359
-1280
-1176
-1092
-998
-882
-797
-723
-654
-569
-482
-386
-308
-239
-159
-155
-138
-87
-115
-91
-80
-154
-213
-235
-296
-367
-399
-444
-518
-546
-584
-634
-605
-528
-540
-587
-412
-387
-355
-246
-178
-55
-6
158
229
451
467
408
684
636
572
722
760
628
700
644
570
641
563
505
519
402
117
202
334
154
144
330
268
113
141
167
128
15
-151
29
7
-125
77
384
279
127
381
488
395
317
431
492
350
281
517
604
474
592
647
640
674
669
817
896
862
849
951
985
893
832
828
777
618
654
723
646
589
550
378
248
214
142
94
-38
-204
-317
-456
-507
-493
-480
-548
-661
-696
-753
-774
-806
-822
-815
-902
-1002
-1034
-1059
-1118
-1163
-1224
-1275
-1288
-1269
-1200
-1173
-1125
-1057
-1015
-947
-922
-832
-804
-678
-622
-644
-490
-480
-467
-305
-206
-176
13
61
230
-50
-337
-71
-367
-452
-287
-137
-238
-249
-146
-117
91
28
63
73
89
22
109
285
169
333
576
997
291
138
1235
76
79
751
610
209
112
907
33
367
458
127
485
308
425
444
490
449
370
441
554
235
415
708
339
451
625
548
345
460
640
359
437
418
435
530
547
438
364
554
405
317
562
382
265
638
555
538
844
768
719
924
806
735
723
616
537
583
538
418
345
73
59
49
-109
-187
-253
-422
-586
-648
-720
-844
-897
-918
-1009
-1054
-1090
-1112
-1141
-1137
-1147
-1188
-1156
-1130
-1096
-1079
-1004
-913
-961
-821
-681
-664
-540
-374
-333
-337
-175
-136
-165
-77
-7
-33
-26
4
-32
-33
-62
-94
-113
-127
-237
-236
-248
-268
-243
-392
-156
-223
-358
-243
-131
-127
-244
101
-54
39
279
148
444
425
405
623
549
462
660
521
549
629
431
542
494
340
266
322
178
31
78
-69
-132
-179
-174
-162
-287
-242
-188
-245
-115
-183
-267
-5
-6
-162
119
221
221
242
402
479
424
532
515
583
554
521
638
625
511
643
624
566
652
498
536
577
440
469
494
448
458
481
495
519
464
491
520
453
416
457
503
348
418
441
277
345
274
292
303
224
254
177
97
30
-21
-103
-228
-286
-356
-463
-553
-681
-724
-747
-834
-838
-861
-911
-955
-1026
-1084
-1126
-1136
-1135
-1206
-1072
-971
-1056
-888
-721
-710
-576
-398
-330
-265
-144
-117
-51
4
-113
21
29
-147
-61
-59
-116
-75
-138
-158
-88
-192
-236
-176
-212
-237
-377
-415
-342
-444
-418
-316
-258
-223
-151
97
89
128
356
435
370
388
535
507
405
535
359
332
471
262
408
466
161
241
341
-52
-8
65
-93
-249
-231
-193
-346
-406
-346
-294
-425
-401
-141
-229
-224
-48
-7
79
71
200
337
346
491
603
712
805
649
953
1034
802
1054
1082
913
1000
988
894
939
866
813
838
826
756
768
645
509
515
396
357
279
156
39
-9
-116
-135
-113
-110
-146
-132
-78
-134
-119
-154
-221
-190
-230
-249
-249
-261
-309
-365
-307
-315
-379
-323
-377
-468
-485
-576
-566
-610
-645
-643
-688
-673
-653
-656
-586
-570
-555
-449
-482
-461
-371
-324
-337
-332
-268
-234
-237
-289
-190
-167
-118
-124
-232
-45
-90
-308
-189
-78
-348
-378
-226
-339
-427
-416
-390
-471
-417
-451
-409
-392
-361
-350
-295
-194
-335
-250
-67
-273
-178
52
-84
-59
28
49
23
53
196
134
64
259
169
243
282
177
358
299
150
391
462
334
209
374
439
263
407
458
580
410
292
666
566
363
570
567
537
547
477
601
589
524
608
685
714
583
788
791
688
838
818
886
841
801
937
901
775
833
813
724
726
640
692
600
387
477
330
229
123
3
-54
-198
-281
-425
-481
-512
-602
-668
-676
-726
-819
-784
-736
-848
-836
-777
-905
-882
-844
-889
-728
-815
-792
-586
-672
-640
-580
-562
-563
-621
-588
-492
-538
-687
-601
-529
-626
-617
-487
-436
-718
-737
-475
-806
-812
-591
-733
-631
-553
-603
-501
-477
-395
-395
-366
-47
-40
-54
-55
17
83
108
156
216
249
259
149
173
317
194
307
145
11
270
120
-79
132
137
-159
57
24
-103
47
6
-21
12
90
159
196
161
259
337
270
252
406
417
367
568
664
607
607
764
778
829
778
741
914
678
678
742
752
656
559
530
622
595
408
536
539
462
376
440
533
333
286
531
273
281
553
367
426
486
548
455
450
511
486
545
369
425
480
275
220
309
255
13
6
30
-29
-172
-222
-252
-230
-435
-480
-326
-526
-607
-568
-600
-682
-669
-608
-538
-636
-638
-521
-601
-570
-508
-547
-474
-578
-591
-547
-392
-525
-472
-247
-643
-436
-437
-543
-452
-549
-502
-515
-587
-569
-408
-636
-624
-373
-532
-449
-481
-519
-392
-394
-380
-302
-244
-367
-181
-76
-171
-30
-3
-179
27
-40
72
252
-128
136
318
12
270
112
195
303
-2
154
329
158
27
404
258
60
362
289
295
349
323
437
278
286
575
498
225
566
564
313
441
507
484
516
250
370
643
337
325
590
389
310
521
563
560
390
488
603
441
541
568
567
537
433
462
657
562
391
556
516
377
390
582
409
245
235
190
208
256
51
-5
94
-83
-152
52
-10
-139
-105
-259
-50
-108
-224
-153
-197
-322
-309
-187
-373
-390
-383
-444
-446
-500
-570
-522
-486
-742
-651
-634
-744
-749
-757
-698
-856
-876
-736
-821
-917
-852
-831
-817
-829
-906
-703
-714
-750
-573
-640
-452
-559
-499
-299
-235
-252
-317
49
-68
-167
37
245
-47
65
252
9
166
100
135
104
86
-21
100
110
-305
80
-72
-652
-5
-118
-575
-145
-91
-334
-243
-40
-35
8
-37
178
265
145
253
486
378
322
539
574
572
461
695
737
406
580
595
520
458
275
482
330
166
307
28
159
77
-26
285
24
7
84
-15
193
107
182
405
152
203
540
565
402
462
690
618
511
775
835
730
656
690
744
641
728
683
432
451
540
400
315
320
363
170
-26
195
161
-56
-164
-67
-127
-237
-116
-193
-272
-299
-182
-112
-369
-325
-211
-280
-183
-207
-264
-225
-452
-296
-111
-374
-313
-304
-421
-315
-311
-286
-376
-437
-449
-394
-427
-423
-477
-555
-554
-629
-530
-561
-637
-450
-551
-624
-430
-503
-524
-349
-426
-432
-200
-466
-218
-73
-219
-124
16
20
-77
98
120
128
-7
39
201
93
-76
108
64
-59
49
-178
-39
-129
-308
-186
-205
-222
-234
-305
-280
-246
-139
-3
-49
-187
209
93
68
436
315
319
337
535
540
693
628
602
643
573
925
747
450
838
805
237
635
591
168
308
223
177
216
24
-47
-22
-38
-181
-127
68
-188
-202
-7
-64
-154
227
198
-70
325
325
244
544
439
392
616
480
396
683
529
466
528
315
392
393
193
248
155
-11
2
-104
-214
-109
-288
-353
-225
-471
-387
-441
-367
-303
-544
-281
-316
-476
-217
-271
-342
-141
-219
-147
-75
-168
-102
0
-183
-200
-7
-187
-348
-190
-281
-451
-348
-514
-570
-590
-660
-605
-786
-735
-726
-691
-858
-800
-685
-626
-675
-710
-289
-438
-650
-291
-84
-261
-134
12
16
92
-25
238
508
93
89
405
292
101
433
296
127
126
102
178
-19
114
-13
-88
-9
-79
-135
-26
-89
-195
99
-91
-194
218
117
-45
133
206
260
277
304
303
461
433
418
645
404
623
527
469
564
512
703
362
350
468
506
367
432
262
63
373
74
228
213
-14
133
244
-45
190
467
-80
196
274
236
182
252
397
327
383
356
560
343
318
440
436
433
250
443
235
236
86
200
308
-136
-22
-30
-42
-205
-181
-172
-407
-396
-239
-394
-366
-237
-593
-568
-323
-486
-305
-302
-515
-423
-368
-324
-368
-353
-341
-271
-526
-340
-50
-383
-501
-322
-139
-486
-536
-172
-338
-492
-260
-296
-305
-428
-490
-56
-381
-405
-263
-317
-256
-376
-38
-160
-366
-88
-19
-110
-90
-183
189
15
-305
414
172
-149
215
82
295
152
-47
146
357
50
35
392
-3
109
180
215
130
24
340
63
-117
279
174
4
194
85
189
232
107
117
410
270
37
287
267
177
258
164
325
169
120
364
196
291
93
179
183
-86
204
271
-142
-95
12
83
-113
-88
8
-214
-135
-183
-68
-86
-122
-245
-139
-80
-96
-47
-13
-79
-38
75
126
-26
90
253
40
208
186
-3
122
310
87
116
181
200
41
88
107
148
-2
-204
152
123
-183
-83
29
-68
-79
-112
-46
-60
-200
-49
23
-114
-122
-120
-98
-66
-125
-3
9
-197
-135
-65
24
-198
-93
39
-221
-203
-56
-105
-285
-4
-61
-438
-143
15
-329
-183
-7
-457
-213
-33
-286
-126
-61
-312
-205
-61
-182
-72
-167
27
-171
-78
199
-26
3
113
170
14
174
310
146
128
268
250
165
277
331
250
298
157
146
322
239
92
326
-14
93
199
-106
390
124
-172
77
9
-91
140
96
-167
79
5
-114
156
31
42
-61
8
5
34
106
-16
111
-95
-1
175
96
-14
40
263
-156
-75
381
131
65
157
88
-38
193
128
208
85
-119
190
-130
69
124
-1
-124
-57
-100
-58
48
-292
-16
-124
-411
-109
-20
-466
-322
15
-415
-374
-16
-282
-329
-102
-187
-340
-102
-149
-151
-30
-285
141
-63
-202
216
28
38
12
49
142
-35
100
231
174
31
180
178
116
213
91
205
51
85
174
67
117
80
-1
165
111
-56
218
53
-31
154
-54
12
40
-55
-66
68
2
-166
14
18
-69
-118
-67
-82
-118
-107
-163
-57
-242
-224
-213
-95
-55
-276
-124
-124
-237
-118
-62
-147
-124
-141
27
-48
-86
23
-18
-84
124
-35
94
192
-234
34
243
-120
56
145
-147
152
-15
-117
334
-39
-140
139
-46
-36
19
74
-98
7
-55
-99
107
-36
13
77
-35
-28
144
16
37
61
-125
135
2
-105
246
-84
-75
59
-10
-58
62
-69
-58
196
-158
11
104
-209
34
124
-123
168
1
-83
165
-6
135
180
-14
30
122
64
133
49
69
219
-66
-21
169
-38
-52
81
-165
-101
-29
-277
-21
-41
-325
-69
-96
-328
41
-136
-148
-45
-134
-102
-27
-29
-159
115
20
-116
128
31
-58
187
-10
0
144
-73
-66
123
32
-27
-13
-20
31
-19
-71
5
80
-342
11
273
-291
-56
155
-224
-84
70
-146
141
-25
-101
219
-103
-12
189
86
55
112
86
102
84
-19
179
62
115
39
-17
150
-24
-3
131
95
-47
60
-57
-37
49
-105
114
-44
-10
-86
-104
34
-93
153
32
-22
-34
81
29
57
157
-36
151
139
102
215
92
31
197
131
216
122
176
89
26
119
83
92
4
27
-12
-30
-103
-34
-107
-60
-99
-208
-79
-282
-120
-200
-106
-141
-190
-36
-216
-60
-62
49
-41
-37
-27
18
160
3
160
144
12
83
107
67
113
95
-74
-11
35
-44
-25
-16
-141
-24
-178
-137
-97
-171
-71
-181
-102
-40
-83
-62
-17
-53
-16
42
88
108
160
54
105
86
-2
323
268
102
171
82
-18
140
155
79
183
-38
-108
-40
-17
48
-121
-92
-25
-72
-53
-27
-119
-19
-75
-213
40
69
22
-10
-50
-143
-42
116
65
174
34
-1
77
-122
10
277
13
16
144
-42
72
106
-34
46
78
-65
12
101
16
45
-52
-88
46
-103
-20
113
-23
-11
18
-93
10
-47
30
59
-111
30
-47
-99
-16
-8
-162
2
-104
-150
-33
-83
-164
-106
-35
-160
-87
-156
-220
-166
-147
-94
16
-105
-162
-113
-152
-93
37
-17
-62
-42
-88
-88
-5
6
52
18
-21
-13
21
12
-7
82
-13
28
43
116
52
31
-31
-69
68
49
111
162
24
-58
93
-2
59
168
107
49
-59
57
-3
78
220
98
126
-45
-70
35
53
147
134
44
-68
-49
17
121
164
97
74
10
23
97
157
160
78
107
89
118
132
143
150
45
48
127
124
74
85
21
-49
-3
50
48
13
-49
-123
-90
-111
8
115
-31
-90
-96
-151
-70
46
59
20
21
-41
-108
52
38
62
96
18
49
38
9
21
-11
-49
5
16
6
36
-18
-132
-145
-129
-105
6
-6
-94
-138
-212
-228
-156
-71
-34
-31
-115
-123
-77
-76
12
38
67
52
3
38
4
21
51
18
60
54
45
18
-63
-40
-29
-19
30
21
-49
-124
-175
-145
-96
-77
-31
-43
-85
-106
-162
-111
-24
-2
75
19
-106
-83
-49
47
165
181
141
73
27
-8
68
125
88
82
85
24
43
21
2
9
-51
-5
46
-8
-7
-29
-116
-68
-35
5
51
-20
-43
-35
-55
-7
12
39
43
58
10
-20
44
17
20
56
59
-6
9
10
-32
85
40
-43
-9
-86
-99
-15
9
4
14
-75
-53
-47
-51
59
56
25
-1
-43
-50
3
67
121
129
112
50
18
82
46
32
63
32
56
71
66
57
-10
-76
-85
-33
-42
-11
-3
-84
-132
-121
-115
-108
-50
-52
-81
-94
-105
-72
-8
-13
-7
4
-80
-83
-19
-35
32
47
-6
-20
1
-8
2
60
46
49
-31
-38
-32
-16
48
40
53
37
9
-16
22
7
-18
1
-27
-33
2
20
4
-31
-27
-51
-65
-39
-9
-13
-46
-36
-32
-40
-20
43
14
1
12
-17
-9
3
42
60
67
56
56
44
41
55
44
58
27
-4
37
13
17
45
29
2
-33
-36
-35
-52
-34
-11
-22
-46
-54
-66
-66
-17
-8
-12
-25
-41
-40
-66
-66
-22
5
11
2
13
-1
-31
6
39
35
-7
10
-10
-32
-31
31
35
17
24
-43
-62
-79
-28
11
27
10
-6
-26
-50
-67
-36
-3
-3
50
76
36
2
7
-52
-28
36
34
103
101
34
22
-31
-16
38
76
91
97
39
-20
-24
-43
-16
-8
31
41
30
11
-4
-16
-42
-37
-5
10
-9
48
58
9
15
-13
-54
-36
-5
41
64
42
8
-20
-49
-79
-32
-8
-3
5
0
-48
-68
-28
-31
-9
-17
-36
-17
-33
-57
-23
-6
-26
1
-19
-20
-12
-3
22
30
0
-20
18
-10
41
63
38
26
-22
-6
9
53
67
66
41
-28
-42
-22
34
49
61
5
-74
-56
-53
-1
36
44
2
-35
-27
-33
13
29
27
2
-30
-21
-13
13
8
15
21
6
14
5
-10
-14
-25
-37
-5
-9
1
15
-26
-29
-15
-27
-3
26
10
-44
-80
-90
-51
9
47
58
-7
-75
-107
-93
-38
40
72
56
-7
-67
-60
-65
-38
-20
2
-9
-34
-29
-20
-10
-32
4
-14
-23
-7
-18
12
-6
-19
-29
-21
-10
35
81
60
38
-10
-50
-34
27
83
124
103
50
-10
-45
-30
2
39
79
79
45
35
9
-9
-14
-28
-10
16
58
75
83
45
2
-25
-25
32
75
80
87
52
5
5
24
52
70
81
62
54
20
16
48
43
28
2
-15
-28
-1
31
49
33
-20
-25
-33
-31
-9
17
17
10
18
-2
1
-10
-17
-6
14
23
31
27
0
-15
-43
-16
13
42
56
37
14
-12
-20
-43
-17
3
-3
17
8
-3
-30
-54
-44
-31
-15
5
20
-5
-23
-19
-38
-25
-24
-1
20
9
-2
10
5
-11
-3
-10
-5
2
2
19
20
-7
-37
-34
-33
-4
24
16
10
-19
-41
-39
-30
-39
-31
-24
-18
-1
-4
-3
-28
-44
-59
-51
-21
1
25
3
1
-19
-44
-35
-22
-1
11
43
58
53
42
21
1
-15
5
28
51
60
52
43
15
-5
8
30
27
29
17
-9
-23
-22
-15
-6
8
1
-6
-18
-33
-24
-14
-4
19
30
30
34
7
-27
-38
-53
-28
16
52
61
32
-18
-60
-71
-57
-5
28
40
19
-4
-41
-65
-58
-46
-25
-17
11
10
7
-14
-21
-32
-45
-31
-20
4
16
34
23
2
-20
-33
-33
-16
16
37
32
19
-3
-20
-25
-14
3
8
7
4
-1
-12
-22
-22
-17
-11
-7
-3
-5
-17
-26
-21
-14
-2
23
25
22
3
-14
-21
-35
-7
11
31
31
21
0
-20
-29
-29
-2
1
12
5
-4
-17
-30
-29
-35
-21
-2
20
27
31
31
15
20
18
30
39
54
54
45
38
16
23
20
29
32
40
48
54
53
44
35
10
0
-6
7
23
42
43
36
17
1
2
9
26
37
41
24
15
-2
-13
-8
-5
9
8
9
-1
-2
-10
-9
-6
-20
-18
-32
-22
-26
-20
-19
-31
-34
-51
-35
-18
10
15
14
-11
-40
-48
-53
-33
-11
4
-2
0
-9
-24
-16
-19
-14
-3
2
14
14
6
-10
-33
-47
-42
-13
9
27
26
10
-7
-24
